182 1 1
99 2 1
478 2 1
518 2 2
520 2 1
532 2 3
533 2 3
537 2 2
594 2 3
12 3 1
13 3 2
30 3 1
38 3 1
118 3 1
126 3 2
182 3 2
304 3 1
356 3 1
5 4 4
14 4 2
132 4 2
137 4 1
138 4 1
161 4 4
320 4 1
384 4 1
539 4 1
618 4 1
657 4 1
492 5 3
8 6 1
182 6 1
230 6 3
235 6 2
9 7 1
91 7 2
166 7 1
183 7 5
184 7 1
318 7 1
357 7 2
382 7 1
10 8 1
82 8 1
183 8 1
260 8 7
320 8 1
271 9 2
413 9 2
76 10 1
84 10 1
91 10 1
228 10 1
32 11 1
68 11 1
72 11 1
232 11 1
285 11 1
4 12 1
30 12 1
56 12 1
68 12 1
76 12 1
95 12 1
102 12 1
143 12 1
203 12 1
222 12 2
223 12 1
309 12 1
320 12 3
385 12 1
392 12 3
622 12 1
55 13 1
413 13 2
670 13 1
6 14 1
12 14 1
16 14 3
76 14 1
85 14 2
179 14 1
182 14 1
622 14 3
15 15 1
38 15 1
72 15 1
85 15 1
228 15 1
308 15 1
350 15 1
370 15 1
106 16 1
218 16 2
255 16 2
260 16 1
310 16 1
311 16 1
352 16 1
622 16 2
19 17 1
85 17 1
95 17 1
182 17 2
239 17 1
271 17 1
274 17 1
26 18 1
39 18 2
74 18 1
290 18 1
4 19 2
12 19 1
19 19 2
25 19 2
85 19 1
105 19 1
140 19 1
243 19 2
309 19 2
346 19 1
356 19 3
377 19 1
412 19 2
607 19 1
4 20 1
22 20 2
76 20 1
107 20 1
165 20 1
178 20 1
392 20 2
16 21 1
23 21 1
67 21 1
501 21 2
47 22 3
56 22 1
69 22 1
80 22 2
85 22 1
131 22 1
203 22 1
458 22 3
519 22 2
9 23 1
22 23 1
23 23 1
76 23 1
126 23 1
174 23 1
197 23 1
218 23 3
293 23 3
622 23 1
640 23 2
56 24 1
76 24 2
126 24 1
338 24 1
16 25 1
27 25 2
239 25 2
242 25 1
28 26 1
68 26 2
94 26 1
228 26 1
372 26 1
515 26 2
622 26 3
23 27 1
29 27 1
64 27 1
101 27 1
151 27 1
177 27 1
205 27 2
218 27 1
223 27 1
305 27 1
89 28 2
127 28 1
130 28 1
223 28 1
370 28 2
390 28 1
484 28 1
516 28 2
643 28 1
31 29 1
56 29 1
74 29 1
89 29 2
135 29 1
234 29 2
303 29 1
308 29 1
458 29 1
516 29 1
622 29 2
640 29 1
47 30 1
67 30 2
92 30 2
222 30 1
294 30 1
513 30 1
535 30 2
545 30 1
33 31 6
38 31 4
63 31 1
125 31 4
130 31 1
149 31 1
170 31 1
184 31 3
225 31 1
238 31 1
239 31 3
267 31 1
319 31 2
326 31 1
368 31 1
413 31 2
433 31 1
464 31 1
642 31 1
670 31 1
11 32 1
34 32 1
75 32 1
193 32 2
455 32 2
578 32 1
35 33 1
600 33 1
36 34 1
73 34 4
140 34 1
143 34 2
150 34 1
208 34 1
222 34 1
285 34 1
317 34 1
330 34 2
364 34 1
373 34 1
480 34 2
520 34 2
558 34 2
632 34 1
652 34 1
662 34 3
666 34 2
682 34 1
312 35 2
635 35 2
1 36 1
11 36 1
30 36 1
38 36 4
56 36 1
58 36 1
71 36 1
72 36 2
90 36 1
94 36 2
115 36 1
182 36 2
184 36 1
223 36 1
234 36 1
301 36 1
368 36 2
381 36 1
422 36 2
468 36 1
485 36 2
488 36 1
502 36 2
523 36 2
33 37 1
234 37 1
464 37 1
336 38 1
234 39 1
240 39 2
535 39 1
643 39 1
12 40 1
21 40 1
42 40 1
80 40 1
95 40 1
211 40 1
331 40 1
686 40 1
182 41 3
247 41 1
228 42 1
252 42 1
316 42 2
341 42 2
346 42 1
39 43 1
97 43 2
98 43 1
222 43 1
246 43 1
264 43 2
470 43 1
536 43 3
178 44 1
274 44 1
375 44 1
551 44 1
597 44 1
69 45 2
165 45 3
320 45 1
318 46 1
32 47 1
72 47 3
262 47 1
305 47 2
368 47 1
521 47 1
622 47 2
32 48 1
38 48 3
72 48 1
179 48 3
216 48 1
223 48 1
38 49 2
167 49 1
182 49 1
206 49 1
311 49 1
370 49 5
53 50 1
115 50 1
326 50 1
32 51 2
34 52 1
248 52 1
18 53 1
94 53 1
161 53 1
203 53 1
270 53 1
331 53 1
633 53 1
92 54 1
14 55 2
94 55 1
126 55 1
193 55 1
305 55 1
59 56 1
94 56 1
106 56 1
365 56 1
659 56 1
681 56 1
9 57 1
85 57 1
222 57 2
264 57 3
304 57 1
318 57 1
324 57 1
356 57 2
264 58 1
295 58 1
349 58 1
31 59 1
38 59 1
41 59 2
62 59 1
77 59 1
92 59 1
111 59 1
112 59 1
127 59 1
502 59 2
20 60 1
63 60 3
166 60 1
211 60 3
214 60 2
264 60 2
320 60 1
498 60 1
68 61 1
338 61 2
18 62 1
51 62 2
194 62 1
341 62 2
38 63 2
66 63 3
370 63 1
390 63 1
432 63 1
49 64 1
127 64 1
232 64 1
325 64 1
659 64 1
21 65 3
80 65 1
202 65 2
105 66 1
162 66 1
299 66 2
338 66 2
394 66 1
519 66 4
38 67 2
318 67 1
34 68 2
130 68 1
249 68 1
31 69 1
33 69 3
38 69 3
80 69 2
145 69 1
152 69 1
195 69 1
232 69 1
251 69 1
262 69 1
320 69 2
401 69 1
73 70 5
96 70 2
140 70 1
169 70 1
178 70 1
184 70 1
211 70 1
222 70 4
224 70 1
228 70 1
249 70 1
257 70 1
275 70 1
300 70 1
328 70 3
357 70 5
376 70 2
380 70 1
384 70 2
492 70 1
527 70 1
554 70 1
579 70 1
589 70 1
602 70 1
611 70 1
637 70 1
651 70 3
38 71 2
68 71 1
206 71 4
392 71 1
494 71 1
52 72 1
222 72 1
265 72 1
14 73 1
19 73 1
24 73 2
57 73 1
65 73 1
69 73 1
76 73 5
111 73 1
352 73 3
385 73 1
390 73 4
545 73 1
38 74 3
191 74 1
338 74 1
633 74 7
54 75 1
183 75 1
281 75 1
298 75 1
304 75 1
314 75 1
320 75 1
25 76 1
28 76 1
33 76 1
55 76 1
105 76 2
112 76 1
166 76 1
182 76 1
203 76 1
352 76 2
377 76 1
519 76 1
79 77 1
76 78 2
80 78 3
219 78 2
247 78 1
289 78 2
315 78 6
316 78 2
328 78 4
332 78 7
354 78 2
356 78 2
14 79 1
81 79 4
105 79 4
288 79 1
184 80 1
259 80 1
324 80 1
399 80 1
526 80 1
222 81 1
291 81 1
329 81 2
357 81 1
527 81 1
658 81 1
368 82 1
442 82 1
458 82 1
510 82 1
19 83 1
614 83 1
64 84 1
72 84 1
78 84 2
95 84 1
102 84 1
223 84 1
519 84 2
19 85 3
257 86 1
269 86 1
329 86 3
88 87 1
209 87 1
256 87 1
349 87 1
579 87 3
72 88 1
38 89 1
61 89 3
183 89 2
219 89 1
264 89 1
291 89 1
324 89 2
385 89 1
390 89 1
452 89 1
502 89 1
582 89 1
22 90 2
154 90 2
232 90 1
288 90 2
370 90 1
17 91 1
38 91 3
49 91 1
92 91 2
232 91 2
238 91 1
339 91 1
419 91 2
658 91 1
671 91 2
35 92 1
102 92 1
178 92 1
274 92 1
532 92 1
146 93 1
222 93 1
244 93 1
274 93 1
377 93 1
475 93 1
5 94 3
95 94 1
107 94 2
178 94 1
305 94 1
351 94 1
364 94 3
366 94 3
372 94 1
383 94 2
536 94 2
622 94 1
662 94 2
96 95 5
165 95 1
166 95 1
183 95 2
184 95 1
185 95 2
239 95 1
360 95 2
376 95 4
498 95 1
543 95 1
38 96 1
73 96 1
320 96 1
360 96 2
98 97 1
231 97 2
452 97 2
202 98 2
14 99 3
116 99 1
439 99 1
458 99 3
35 100 1
99 100 1
101 100 6
146 100 3
150 100 1
157 100 1
178 100 1
258 100 2
272 100 2
285 100 1
300 100 1
328 100 1
475 100 1
528 100 2
551 100 1
565 100 2
597 100 2
102 101 1
25 102 1
72 102 1
74 102 1
183 102 1
274 102 1
4 103 1
105 103 1
190 103 2
309 103 3
512 103 1
244 104 2
309 104 1
412 104 2
101 105 6
140 105 4
239 105 9
341 105 1
492 105 1
569 105 1
5 106 2
25 106 1
33 106 2
139 106 1
260 106 4
510 106 2
128 107 1
153 107 1
178 107 1
181 107 2
202 107 1
263 107 1
313 107 1
362 107 1
36 108 4
110 108 3
258 108 3
534 108 1
622 108 1
82 109 1
111 109 1
267 109 2
290 109 1
346 109 1
432 109 1
529 109 2
552 109 1
107 110 6
124 110 1
182 110 1
346 110 1
373 110 1
73 111 5
90 111 1
175 111 1
182 111 1
218 111 2
246 111 1
295 111 1
588 112 1
72 113 1
127 113 1
179 113 1
308 113 1
454 113 1
622 113 1
182 114 1
247 114 1
57 115 1
167 115 1
436 115 2
492 115 1
56 116 2
127 116 1
223 116 1
251 116 1
671 116 1
318 117 1
377 117 2
528 117 1
9 118 4
38 118 1
74 118 1
169 118 2
184 118 1
290 118 1
378 118 1
504 118 1
125 119 1
131 119 2
410 120 1
146 121 1
158 121 1
14 122 2
10 123 2
26 123 2
39 123 2
78 123 1
90 123 1
162 123 1
181 123 1
182 123 2
184 123 1
188 123 2
206 123 2
219 123 2
239 123 2
260 123 1
264 123 1
292 123 1
385 123 1
407 123 1
6 124 2
23 124 1
218 124 1
244 124 1
521 124 1
53 125 1
68 125 1
102 125 1
127 125 6
130 125 1
191 125 1
192 125 1
320 125 1
349 125 1
400 125 2
452 125 1
464 125 1
468 125 1
488 125 1
524 125 1
55 126 1
123 126 1
200 126 2
208 126 1
261 126 1
346 126 1
494 126 1
550 126 3
38 127 1
163 127 3
191 127 1
344 127 1
462 127 1
502 127 1
54 128 1
83 128 1
85 128 2
124 128 1
250 128 1
149 129 2
187 129 2
218 129 1
222 129 1
132 130 9
158 130 1
247 130 1
298 130 1
388 130 1
558 130 1
80 131 1
101 131 1
171 131 1
173 131 3
182 131 1
519 131 1
10 132 1
113 132 1
184 132 1
218 132 1
512 132 1
527 132 1
339 133 1
441 133 2
42 134 2
478 134 1
143 135 2
146 135 1
148 135 2
158 135 3
171 135 3
177 135 2
178 135 1
211 135 1
213 135 1
276 135 1
312 135 1
313 135 1
350 135 1
359 135 3
367 135 2
388 135 1
466 135 2
594 135 1
618 135 1
5 136 1
143 136 2
205 136 1
330 136 1
532 136 2
596 136 2
662 136 4
61 137 1
183 137 1
219 137 1
231 137 1
257 137 1
259 137 2
269 137 1
305 137 1
329 137 1
550 137 1
263 138 1
141 139 1
165 139 1
177 139 1
233 139 2
255 139 1
334 139 2
348 139 1
370 139 1
653 139 1
683 139 1
73 140 2
95 140 1
143 140 1
180 140 1
182 140 1
214 140 1
222 140 1
255 140 1
257 140 1
328 140 1
142 141 3
297 141 1
300 141 1
324 141 4
378 141 1
381 141 1
544 141 2
558 142 1
611 142 1
95 143 1
144 143 1
234 143 1
480 143 1
587 143 2
679 143 2
183 144 1
184 144 2
279 144 2
324 144 1
379 144 1
25 145 1
35 145 1
71 145 1
168 145 1
178 145 2
202 145 3
203 145 1
211 145 1
253 145 1
332 145 1
486 145 2
496 145 1
659 145 1
679 145 1
169 146 1
5 147 1
148 147 1
211 147 1
149 148 3
178 148 1
256 148 1
257 148 1
269 148 1
281 148 1
357 148 2
378 148 1
490 148 1
579 148 2
146 149 1
186 149 3
200 149 1
253 149 1
313 149 2
532 149 1
547 149 3
575 149 3
595 149 1
140 150 2
355 150 1
415 151 1
153 152 3
182 152 2
215 152 1
222 152 2
237 152 2
293 152 2
377 152 3
125 153 1
255 153 1
19 154 2
27 154 7
65 154 1
73 154 1
130 154 1
165 154 1
324 154 1
155 155 1
190 155 1
202 155 1
209 155 2
330 155 1
518 155 1
105 156 1
146 156 1
156 156 1
168 156 1
205 156 1
213 156 1
235 156 1
373 156 2
64 157 1
161 157 1
176 157 1
190 157 1
161 158 2
200 158 2
211 158 1
342 158 1
492 158 1
553 158 2
73 159 3
255 159 3
327 159 1
346 159 1
359 159 1
489 159 1
512 159 2
599 159 1
217 160 2
220 160 2
277 160 1
317 160 2
599 160 3
95 161 1
157 161 1
161 161 2
202 161 3
305 161 1
341 161 1
377 161 1
388 161 1
475 161 1
31 162 1
72 162 1
91 162 1
322 162 1
144 163 1
158 163 1
207 163 1
220 163 1
391 163 1
576 163 1
660 163 1
222 164 2
512 164 1
538 164 1
125 165 1
126 165 2
165 165 3
259 165 1
328 165 4
358 165 4
378 165 2
498 165 1
125 166 1
496 166 2
51 167 1
46 168 1
177 168 1
208 168 1
222 168 1
375 168 1
528 168 1
597 168 2
210 169 2
320 169 1
586 169 1
170 170 2
272 170 1
211 171 1
377 171 1
183 172 1
231 172 1
86 173 1
182 173 1
298 173 3
385 173 2
643 173 1
244 174 2
175 175 2
196 175 1
659 175 1
8 176 3
14 176 1
227 176 3
43 177 1
48 177 1
107 177 2
137 177 1
161 177 1
202 177 2
211 177 2
266 177 1
313 177 1
350 177 1
361 177 1
364 177 1
492 177 1
532 177 1
669 177 1
5 178 2
44 178 2
95 178 2
133 178 3
136 178 1
178 178 24
198 178 1
202 178 1
235 178 3
349 178 1
364 178 1
413 178 1
496 178 6
77 179 1
85 179 1
165 179 1
190 179 2
392 179 2
73 180 3
121 180 1
142 180 1
158 180 3
165 180 1
182 180 1
198 180 3
215 180 1
218 180 1
254 180 1
259 180 1
272 180 1
320 180 1
329 180 1
364 180 1
384 180 1
520 180 1
534 180 1
9 181 2
68 181 1
72 181 2
73 181 2
94 181 3
138 181 2
165 181 1
169 181 1
183 181 1
352 181 2
673 181 1
38 182 1
60 182 1
84 182 1
105 182 2
134 182 1
165 182 1
183 182 1
232 182 1
239 182 2
279 182 1
320 182 2
328 182 1
512 182 1
4 183 1
60 183 1
82 183 1
95 183 1
100 183 1
166 183 1
187 183 1
188 183 1
226 183 3
228 183 3
256 183 1
328 183 1
358 183 2
378 183 1
465 183 1
530 183 1
659 183 1
328 184 1
339 184 1
357 184 3
441 184 3
71 185 1
349 185 2
368 185 1
693 185 1
9 186 1
165 186 1
187 186 2
259 186 2
125 187 2
150 187 1
183 187 1
206 187 1
264 187 4
395 187 1
451 187 2
38 188 2
51 188 1
80 188 1
83 188 1
94 188 2
103 188 1
127 188 1
305 188 1
387 188 1
442 188 2
341 189 2
413 189 1
31 190 1
38 190 1
39 190 1
80 190 1
98 190 1
115 190 2
140 190 1
247 190 1
301 190 1
320 190 1
441 190 2
460 190 1
467 190 2
539 190 1
607 190 1
38 191 1
105 191 3
111 191 1
383 191 1
31 192 2
78 192 1
203 192 1
216 192 1
545 192 3
82 193 1
100 193 1
194 193 1
477 193 2
658 193 2
14 194 3
38 194 2
84 194 1
92 194 2
111 194 1
129 194 2
194 194 1
267 194 1
370 194 1
444 194 1
455 194 4
463 194 2
477 194 1
658 194 1
341 195 1
112 196 2
178 196 2
274 196 1
371 196 1
377 196 1
385 196 1
198 197 1
280 197 1
384 197 2
397 197 1
676 197 2
5 198 1
6 198 1
80 198 2
133 199 1
200 199 1
144 200 1
19 201 2
80 201 2
131 201 2
246 201 1
264 201 1
298 201 1
320 201 1
335 201 2
373 201 2
387 201 1
673 201 1
22 202 2
84 202 1
154 202 1
326 202 2
204 203 1
120 204 1
128 204 1
137 204 2
150 204 1
196 204 5
205 204 2
207 204 2
208 204 1
253 204 1
313 204 1
328 204 1
676 204 1
686 204 1
84 205 3
97 205 1
131 205 1
225 205 4
264 205 2
303 205 1
532 206 1
549 206 1
599 206 2
604 206 2
618 206 1
156 207 1
159 207 1
184 207 1
208 207 5
280 207 1
328 207 1
383 207 1
384 207 1
478 207 3
526 207 1
539 207 1
676 207 1
686 207 1
155 208 2
323 208 2
492 208 1
558 208 1
588 208 1
125 209 1
222 209 1
259 209 3
272 209 1
308 209 1
334 209 1
387 209 1
143 210 1
144 210 3
202 210 3
214 210 1
263 210 1
317 210 1
638 210 1
662 210 1
121 211 1
142 211 2
182 211 2
264 211 1
305 211 1
349 211 1
676 211 1
37 212 1
107 212 2
146 212 1
157 212 1
161 212 4
205 212 1
213 212 2
248 212 1
263 212 1
320 212 1
338 212 2
377 212 1
515 212 1
680 212 3
71 213 1
95 213 3
128 213 1
144 213 1
178 213 2
214 213 1
306 213 1
385 213 1
465 213 1
475 213 2
587 213 2
197 214 3
257 214 1
320 214 2
327 214 1
356 214 1
14 215 1
108 215 1
147 215 2
193 215 2
216 215 1
280 215 1
495 215 4
619 215 1
43 216 4
182 216 1
288 216 1
683 216 2
7 217 3
18 217 1
183 217 1
185 217 1
218 217 11
239 217 4
246 217 3
328 217 3
17 218 2
66 218 1
96 218 2
124 218 1
184 218 1
219 218 1
274 218 1
172 219 1
280 219 1
313 219 1
355 219 1
479 219 1
242 220 2
146 221 2
147 221 1
175 221 1
239 221 2
246 221 2
255 221 1
260 221 2
278 221 6
321 221 2
335 221 3
353 221 1
356 221 3
377 221 2
384 221 2
393 221 1
586 221 3
14 222 1
50 222 1
130 222 3
335 222 1
502 222 1
535 222 1
536 222 1
5 223 1
38 223 1
61 223 1
183 223 1
184 223 2
239 223 1
260 223 2
329 223 2
349 223 1
512 223 1
432 224 1
483 224 1
502 224 1
629 224 1
39 225 1
127 225 3
195 225 1
225 225 4
226 225 1
243 225 1
305 225 2
368 225 1
462 225 1
642 225 1
643 225 1
106 226 1
165 226 1
176 226 1
178 226 4
293 226 2
327 226 1
375 226 5
377 226 2
520 226 1
158 227 2
244 227 1
273 227 1
285 227 4
356 227 3
551 227 2
318 228 1
530 228 1
146 229 1
198 229 1
215 229 2
230 229 2
325 229 1
377 229 3
26 230 1
73 230 2
132 230 1
133 230 1
231 230 6
305 230 1
126 231 1
206 231 1
622 231 2
134 232 2
140 232 1
206 232 2
233 232 1
334 232 1
348 232 1
372 232 1
512 232 2
669 232 1
31 233 1
72 233 1
124 233 1
131 233 1
165 233 5
178 233 2
216 233 2
251 233 1
262 233 1
274 233 1
436 233 1
25 234 3
34 234 1
75 234 1
106 234 1
174 234 1
235 234 9
270 234 1
372 234 1
486 234 2
515 234 2
519 234 3
153 235 1
236 236 1
253 236 1
290 236 1
328 236 1
498 236 1
521 236 1
276 237 2
520 237 1
38 238 1
91 238 1
127 238 1
370 238 6
399 238 1
534 238 1
607 238 1
645 238 2
165 239 4
195 239 1
218 239 2
222 239 4
234 239 2
239 239 10
246 239 2
249 239 1
260 239 2
278 239 1
282 239 4
512 239 4
530 239 1
541 239 1
658 239 2
32 240 1
127 240 1
521 240 1
24 241 1
45 241 1
130 241 1
8 242 2
293 242 1
338 242 1
491 242 1
75 243 1
115 243 2
235 243 5
491 243 2
114 244 1
128 245 1
177 245 1
218 245 4
246 245 7
257 245 1
260 245 4
458 245 3
512 245 5
683 245 1
24 246 1
234 246 1
344 246 1
202 247 1
248 247 1
263 247 3
366 247 1
532 247 2
63 248 1
269 248 1
676 248 1
67 249 1
223 249 1
322 249 1
512 249 2
527 249 5
101 250 1
105 250 4
161 250 1
252 250 10
320 250 2
534 250 2
143 251 2
144 251 1
146 251 1
342 251 1
354 251 1
361 251 1
388 251 1
520 251 1
158 252 1
182 252 1
215 252 1
254 252 2
264 252 1
161 253 2
217 253 1
222 253 1
233 253 1
330 253 2
460 253 1
578 253 1
26 254 2
82 254 1
127 254 1
165 254 1
186 254 1
219 254 1
267 254 1
282 254 1
318 254 1
328 254 2
504 254 1
20 255 1
73 255 1
120 255 1
127 255 1
131 255 1
133 255 1
147 255 1
162 255 1
170 255 1
182 255 1
259 255 2
291 255 1
320 255 1
354 255 1
356 255 3
370 255 1
381 255 1
412 255 1
521 255 2
527 255 1
543 255 2
549 255 1
563 255 2
579 255 1
602 255 1
258 256 1
292 256 1
371 256 2
491 256 1
182 257 2
218 257 1
257 257 1
259 257 1
269 257 1
318 257 2
354 257 1
397 257 1
47 258 2
140 258 2
218 258 4
239 258 11
260 258 3
283 258 1
316 258 1
328 258 2
356 258 1
541 258 3
117 259 1
128 259 4
143 259 3
150 259 1
178 259 2
254 259 1
261 259 4
276 259 1
341 259 1
355 259 1
377 259 1
478 259 1
586 259 1
588 259 3
657 259 3
322 260 1
418 260 1
264 261 3
308 261 1
2 262 1
163 262 1
208 262 1
239 262 3
245 262 1
266 262 2
277 262 1
313 262 1
323 262 2
348 262 2
350 262 1
588 262 2
599 262 1
60 263 2
63 263 3
91 263 2
183 263 1
239 263 1
257 263 1
260 263 1
328 263 2
402 263 3
409 263 1
422 263 2
461 263 1
510 263 1
512 263 2
554 263 1
658 263 2
659 263 1
14 264 2
55 264 1
178 264 1
235 264 1
265 264 4
285 264 3
323 265 2
87 266 1
255 266 1
358 266 1
579 266 1
33 267 2
67 267 1
133 267 1
165 267 2
188 267 1
340 267 1
439 267 1
452 267 1
499 267 1
515 267 1
356 268 1
124 269 2
182 269 1
234 269 1
255 269 1
269 269 1
304 269 1
305 269 3
334 269 1
570 269 1
693 269 1
6 270 1
7 270 1
44 270 1
78 270 1
104 270 2
228 270 3
235 270 1
242 270 1
337 270 1
346 270 1
371 270 1
375 270 1
390 270 1
398 270 1
534 270 1
573 270 1
597 270 2
622 270 2
666 270 1
681 270 1
76 271 1
244 271 2
271 271 3
307 271 1
5 272 1
42 272 1
90 272 1
102 272 1
150 272 2
170 272 1
182 272 2
205 272 1
217 272 1
272 272 1
328 272 1
396 272 3
549 272 1
586 272 1
637 272 1
5 273 1
28 273 1
75 273 1
14 274 2
247 274 1
287 274 1
354 274 1
356 274 1
375 274 1
391 274 1
95 275 1
133 275 1
147 275 1
202 275 1
300 275 1
348 275 1
9 276 1
10 276 2
138 276 2
160 276 1
178 276 2
202 276 2
280 276 1
323 276 2
277 277 1
532 277 1
553 277 2
117 278 1
137 278 1
300 278 3
323 278 1
372 278 2
465 278 1
498 278 1
72 279 1
112 279 1
183 279 2
335 279 1
498 279 1
512 279 1
622 279 1
150 280 1
174 280 1
220 280 1
347 280 1
391 280 1
398 280 2
532 280 1
203 281 1
224 281 1
239 282 2
244 282 2
282 282 5
458 282 1
114 283 2
253 283 1
24 284 1
230 284 3
259 284 1
340 284 1
286 285 1
374 285 1
146 286 1
224 286 1
259 286 1
368 286 1
521 286 1
550 286 1
75 287 1
264 287 1
251 288 1
305 288 1
320 288 1
358 288 2
362 288 2
405 288 1
645 288 1
222 289 2
246 289 2
290 289 4
328 289 1
439 289 1
90 290 1
98 290 1
185 290 1
187 290 2
233 290 1
257 290 1
386 290 1
480 290 1
527 290 1
42 291 2
55 291 1
94 291 1
107 291 1
119 291 1
340 291 1
351 291 1
24 292 1
46 292 1
78 292 1
228 292 1
292 292 1
293 292 1
622 292 1
85 293 1
110 293 1
285 293 1
14 294 1
223 294 1
269 294 1
328 294 4
349 294 1
73 295 1
219 295 2
221 295 1
300 295 1
325 295 1
342 295 2
550 295 2
25 296 1
75 296 1
81 296 1
183 296 1
202 296 1
212 296 1
219 296 1
222 296 1
239 296 1
301 296 3
349 296 1
42 297 2
4 298 1
95 298 1
223 298 1
279 298 1
299 298 1
302 298 1
538 298 1
114 299 1
180 299 1
230 299 1
239 299 5
329 299 1
512 299 1
595 299 1
598 299 1
658 299 4
14 300 1
186 300 1
187 300 2
206 300 1
259 300 1
264 300 1
301 300 1
402 300 1
569 300 1
54 301 1
184 301 2
191 301 1
302 301 1
319 301 1
368 301 1
370 301 1
460 301 1
502 301 1
73 302 1
82 302 1
126 302 1
183 302 1
259 302 1
264 302 2
288 302 1
290 302 1
297 302 1
304 302 2
354 302 1
502 302 1
519 302 3
178 303 3
247 303 1
305 303 1
328 303 4
622 303 1
658 303 1
306 304 2
30 305 1
183 305 1
223 305 1
488 305 2
16 306 1
30 306 1
51 306 1
57 306 1
70 306 1
115 306 2
234 306 1
308 306 1
387 306 1
471 306 1
502 306 1
640 306 1
13 307 1
21 307 2
153 307 3
154 307 2
198 307 1
235 307 2
486 307 2
320 308 1
341 308 1
519 308 1
118 309 1
99 310 1
120 310 1
159 310 1
207 310 1
220 310 1
367 310 1
618 310 1
95 311 1
99 311 1
161 311 1
171 311 1
220 311 2
239 311 3
274 311 1
292 311 1
366 311 1
676 311 1
203 312 1
239 312 3
314 312 4
316 312 3
498 312 1
260 313 6
125 314 4
134 314 1
316 314 2
17 315 2
101 315 1
160 315 1
293 315 1
317 315 2
325 315 1
679 315 4
18 316 1
80 316 1
183 316 1
184 316 1
246 316 2
274 316 1
320 316 5
349 316 1
354 316 1
356 316 1
498 316 3
519 316 1
336 317 1
63 318 1
74 318 2
80 318 4
98 318 4
112 318 1
140 318 2
153 318 1
177 318 1
183 318 2
218 318 3
220 318 2
298 318 1
320 318 7
328 318 3
377 318 2
413 318 4
475 318 1
480 318 1
512 318 5
527 318 4
536 318 11
321 319 2
77 320 1
81 320 3
131 320 1
322 320 1
525 320 1
622 320 1
5 321 3
155 321 1
323 321 2
384 321 2
557 321 1
588 321 8
662 321 1
676 321 1
184 322 2
218 322 1
264 322 2
328 322 3
152 323 1
532 323 1
199 324 1
181 325 1
284 325 1
11 326 2
18 326 1
74 326 1
98 326 1
115 326 1
204 326 1
223 326 2
315 326 1
536 326 1
622 326 1
630 326 3
147 327 1
73 328 1
80 329 2
151 329 1
316 329 2
328 329 1
356 329 1
375 329 7
377 329 1
465 329 2
9 330 1
145 330 1
686 330 1
155 331 1
211 331 1
325 331 1
532 331 4
588 331 2
676 331 1
280 332 1
19 333 1
183 333 1
328 333 2
333 334 1
96 335 3
178 335 1
184 335 2
330 335 1
341 335 1
365 335 1
147 336 1
203 336 1
16 337 1
106 337 1
228 337 2
235 337 2
293 337 1
326 337 1
336 337 2
412 337 1
7 338 1
14 338 3
227 338 1
328 339 3
94 340 1
126 340 1
622 340 1
670 340 1
44 341 5
78 341 1
95 341 1
146 341 1
178 341 2
252 341 2
323 341 1
341 341 3
475 341 1
146 342 1
155 342 2
266 342 1
342 342 1
7 343 2
42 343 1
46 343 1
94 343 1
228 343 1
413 343 1
465 343 1
533 343 1
681 343 1
183 344 1
225 344 1
259 344 1
525 344 1
85 345 1
512 346 4
659 346 1
2 347 1
101 347 4
596 347 1
268 348 2
320 348 1
328 348 2
579 348 1
105 349 1
182 349 1
315 349 1
318 349 2
358 349 1
538 349 1
313 350 1
342 350 1
492 350 1
676 350 1
101 351 1
213 351 1
317 351 1
350 351 2
351 351 8
367 351 1
533 351 1
580 351 2
132 352 2
380 352 1
78 353 1
86 353 2
371 353 1
412 353 2
65 354 1
71 354 1
165 354 2
222 354 2
163 355 1
355 355 1
584 355 1
91 356 2
165 356 1
166 356 1
182 356 6
239 356 2
356 356 3
369 356 1
376 356 1
486 356 1
219 357 2
229 357 1
259 357 1
346 357 3
357 357 2
633 357 1
184 358 1
246 358 1
64 359 2
27 360 1
433 360 1
477 360 1
485 360 3
505 360 1
693 360 2
637 361 1
35 362 2
43 362 1
177 362 2
220 362 1
345 362 1
361 362 3
373 362 3
412 362 1
520 362 1
40 363 1
131 363 2
179 363 1
274 364 1
292 364 1
363 364 2
595 364 1
120 365 2
180 365 2
205 365 1
313 365 1
323 365 1
7 366 1
553 366 2
48 367 1
107 367 2
152 367 2
356 367 1
366 367 6
371 367 1
679 367 2
99 368 1
137 368 1
367 368 1
125 369 1
188 369 4
191 369 2
412 369 1
439 369 1
112 370 1
115 370 1
57 371 1
179 371 1
191 371 1
370 371 1
385 371 1
457 371 1
463 371 1
484 371 2
485 371 1
644 371 2
647 371 1
44 372 1
117 372 1
178 372 3
199 372 1
293 372 5
38 373 1
199 373 2
200 373 1
372 373 2
101 374 2
155 374 2
163 374 2
182 374 1
220 374 2
328 374 1
342 374 1
364 374 1
492 374 1
588 374 1
349 375 1
533 376 1
140 377 1
146 377 1
178 377 1
191 377 1
214 377 1
228 377 1
271 377 2
313 377 3
337 377 1
343 377 2
465 377 1
515 377 1
534 377 1
666 377 1
38 378 2
97 378 2
165 378 1
187 378 1
222 378 1
224 378 1
302 378 1
315 378 1
579 378 2
622 378 1
42 379 1
65 379 1
68 379 2
70 379 1
78 379 2
106 379 2
178 379 4
182 379 1
190 379 2
215 379 1
222 379 2
232 379 1
309 379 8
320 379 4
377 379 4
387 379 4
394 379 2
486 379 5
496 379 1
510 379 2
36 380 1
38 380 1
61 380 1
73 380 1
153 380 1
165 380 1
184 380 4
208 380 1
283 380 1
300 380 1
324 380 2
349 380 1
356 380 2
358 380 1
378 380 2
536 380 1
550 380 1
259 381 1
329 381 1
73 382 2
90 382 11
102 382 2
132 382 3
158 382 1
211 382 3
227 382 1
257 382 1
289 382 1
342 382 2
359 382 1
515 382 1
527 382 1
550 382 2
552 382 1
558 382 1
568 382 1
596 382 1
677 382 1
11 383 1
182 383 1
324 383 1
512 383 2
544 383 1
561 383 2
97 384 1
297 384 1
544 384 2
658 384 3
43 385 1
96 385 1
380 385 1
73 386 1
155 386 1
175 386 1
184 386 1
327 386 1
328 386 3
372 386 1
384 386 1
389 386 1
492 386 1
528 386 2
16 387 1
76 387 2
178 387 1
203 387 1
264 387 1
385 387 1
386 387 1
545 387 1
640 387 1
222 388 1
255 388 1
323 388 1
325 388 1
413 388 1
475 388 1
578 388 2
102 389 2
292 389 1
410 389 5
447 389 1
522 389 2
73 390 5
143 390 2
208 390 1
388 390 1
466 390 1
538 390 1
683 390 2
133 391 1
159 391 1
266 391 1
355 391 1
12 392 2
76 392 5
228 392 2
312 392 2
392 392 1
132 393 1
202 393 2
583 393 2
19 394 5
25 394 1
34 394 3
64 394 1
125 394 2
158 394 1
194 394 1
203 394 1
211 394 2
243 394 1
392 394 1
643 394 1
117 395 1
165 395 1
183 395 1
187 395 3
192 395 2
362 395 1
378 395 1
94 396 1
184 396 1
346 396 1
461 396 1
98 397 1
187 397 1
219 397 1
239 397 3
357 397 2
611 397 1
56 398 1
89 398 1
290 398 2
315 398 1
338 398 1
356 398 1
358 398 1
61 399 1
139 399 2
145 399 1
218 399 1
611 399 1
145 400 1
165 400 1
208 400 1
349 400 2
550 400 2
573 401 1
594 401 1
595 401 7
666 401 3
33 402 1
38 402 1
100 402 2
191 402 1
332 402 1
452 402 2
454 402 1
460 402 1
529 402 1
658 402 4
31 403 1
38 403 2
195 403 2
234 403 1
368 403 1
370 403 2
400 403 1
431 403 1
433 403 1
464 403 1
368 404 1
432 404 2
460 404 1
513 404 2
38 405 2
73 405 2
80 405 1
191 405 2
226 405 10
305 405 1
370 405 1
420 405 2
431 405 2
439 405 2
453 405 1
467 406 2
501 406 1
404 407 1
500 407 1
24 408 1
45 408 1
67 408 1
76 408 1
100 408 1
127 408 1
130 408 1
131 408 1
352 408 1
530 408 1
33 409 3
57 409 1
100 409 1
111 409 1
124 409 1
125 409 1
193 409 1
195 409 1
267 409 2
320 409 1
328 409 1
387 409 1
406 409 1
436 409 2
442 409 1
448 409 1
452 409 1
462 409 2
501 409 1
502 409 1
9 410 1
191 410 2
408 410 2
433 410 1
18 411 1
320 411 1
408 411 2
658 411 1
126 412 1
191 412 1
194 412 2
195 412 1
440 412 1
464 412 1
469 412 1
524 412 1
643 412 1
410 413 1
446 413 2
461 413 1
644 413 1
182 414 1
189 414 1
191 414 1
429 414 1
434 414 3
445 414 1
461 414 1
477 414 2
489 414 2
503 414 1
34 415 1
42 415 2
43 415 1
78 415 2
94 415 1
110 415 2
386 415 1
413 415 2
486 415 1
34 416 2
55 416 1
85 416 1
86 416 1
326 416 1
362 416 2
377 416 1
9 417 2
11 417 1
33 417 1
183 417 1
189 417 2
290 417 1
414 417 4
442 417 1
445 417 1
464 417 1
127 418 1
368 418 1
370 418 2
433 418 1
439 418 1
194 419 2
195 419 3
267 419 1
431 419 1
438 419 1
448 419 1
452 419 2
463 419 1
464 419 1
33 420 4
189 420 9
194 420 1
432 420 2
444 420 1
445 420 1
509 420 1
10 421 1
21 421 1
50 421 1
92 421 1
184 421 1
360 421 1
392 421 1
439 421 1
535 421 2
536 421 1
16 422 1
23 422 1
38 422 1
370 422 1
671 422 1
38 423 1
127 423 1
189 423 1
194 423 1
432 423 1
488 423 1
18 424 1
70 424 2
127 424 1
223 424 1
234 424 3
349 424 1
531 424 1
38 425 1
296 425 2
320 425 1
356 425 1
370 425 3
422 425 3
432 425 1
471 425 1
425 426 1
443 426 1
462 426 1
194 427 1
411 427 1
424 427 3
425 427 1
444 427 3
80 428 1
100 428 1
189 428 1
195 428 2
215 428 1
226 428 1
264 428 1
320 428 2
411 428 2
454 428 1
488 428 1
119 429 2
416 429 1
422 429 4
431 429 1
439 429 1
450 429 1
451 429 2
455 429 2
457 429 1
471 429 1
482 429 1
619 429 1
629 429 1
301 430 1
445 430 1
5 431 1
38 431 1
447 431 1
100 432 1
45 433 1
100 433 2
189 433 5
433 433 2
461 433 2
125 434 1
189 434 2
191 434 1
215 434 1
256 434 1
328 434 1
428 434 2
431 434 1
434 434 1
445 434 1
461 435 1
511 435 1
45 436 1
226 436 1
290 436 1
430 436 1
461 436 2
530 436 1
14 437 4
33 437 2
38 437 4
39 437 1
51 437 1
63 437 1
98 437 1
234 437 2
238 437 1
241 437 1
267 437 1
282 437 2
368 437 2
370 437 1
402 437 2
436 437 1
439 437 3
449 437 1
451 437 1
452 437 1
488 437 1
513 437 1
645 437 2
31 438 1
38 438 2
74 438 1
91 438 1
105 438 1
226 438 3
267 438 1
275 438 1
356 438 1
439 438 1
472 438 1
513 438 2
27 439 1
125 439 1
189 439 1
301 439 1
370 439 1
399 439 1
405 439 1
433 439 4
448 439 1
477 439 1
658 439 2
671 439 2
45 440 1
125 440 1
204 440 1
269 440 2
402 440 1
411 440 2
434 440 1
446 440 1
456 440 1
458 440 1
322 441 1
462 441 1
10 442 1
30 442 1
38 442 1
74 442 1
102 442 1
127 442 1
140 442 1
189 442 3
191 442 2
194 442 1
195 442 1
199 442 1
285 442 1
324 442 1
387 442 1
411 442 1
417 442 1
431 442 2
440 442 2
442 442 1
445 442 3
461 442 1
476 442 1
483 442 1
195 443 1
431 443 1
450 443 1
619 443 1
684 443 2
103 444 1
118 444 1
308 444 1
370 444 1
415 444 1
421 444 1
426 444 1
457 444 1
463 444 1
473 444 1
622 444 1
32 445 1
33 445 5
38 445 1
112 445 1
194 445 1
308 445 1
356 445 1
388 445 1
402 445 1
436 445 1
439 445 5
459 445 1
468 445 1
473 445 1
643 445 1
647 445 1
33 446 1
189 446 3
262 446 1
320 446 1
420 446 3
452 446 1
464 446 1
501 446 1
65 447 1
127 447 1
194 447 1
195 447 1
433 447 2
441 447 1
462 447 1
512 447 1
33 448 3
56 448 1
63 448 2
67 448 2
70 448 1
97 448 1
122 448 1
127 448 7
189 448 2
203 448 1
222 448 1
225 448 1
264 448 1
290 448 1
356 448 1
394 448 1
402 448 1
502 448 1
510 448 1
513 448 1
642 448 1
39 449 2
127 449 1
305 449 1
452 449 2
33 450 3
38 450 1
56 450 1
98 450 1
111 450 2
127 450 1
189 450 2
191 450 1
194 450 3
195 450 3
216 450 2
381 450 1
452 450 1
453 450 1
463 450 1
22 451 1
33 451 4
38 451 1
56 451 1
191 451 2
226 451 1
267 451 3
370 451 1
405 451 1
415 451 1
436 451 1
439 451 1
447 451 1
449 451 1
450 451 1
451 451 1
457 451 1
482 451 2
194 452 1
431 452 4
449 452 1
451 452 3
455 452 1
467 452 1
499 452 1
537 452 1
643 452 1
14 453 1
38 453 1
72 453 1
445 453 1
447 453 1
448 453 1
455 453 1
467 453 1
523 453 1
11 454 1
267 454 1
411 454 1
455 454 2
32 455 1
33 455 9
127 455 1
129 455 1
165 455 1
195 455 2
267 455 1
422 455 2
431 455 1
445 455 1
447 455 2
452 455 2
523 455 3
115 456 1
125 456 1
195 456 1
223 456 1
262 456 1
267 456 1
302 456 1
402 456 1
444 456 2
445 456 3
450 456 2
451 456 1
452 456 1
488 456 1
642 456 2
33 457 1
38 457 1
83 457 1
95 457 3
133 457 1
161 457 1
195 457 4
325 457 1
339 457 1
359 457 1
360 457 1
368 457 4
372 457 1
387 457 1
417 457 1
437 457 1
439 457 2
448 457 3
464 457 2
95 458 1
127 458 3
191 458 1
194 458 1
368 458 3
369 458 1
370 458 1
432 458 1
433 458 3
439 458 7
482 458 1
488 458 1
501 458 1
619 458 1
452 459 2
33 460 3
38 460 3
70 460 1
98 460 1
154 460 2
191 460 1
194 460 1
195 460 5
232 460 1
238 460 1
251 460 2
267 460 1
296 460 1
402 460 1
444 460 2
445 460 2
447 460 4
455 460 2
462 460 1
469 460 1
485 460 1
645 460 1
191 461 1
226 461 1
461 461 1
33 462 1
194 462 1
195 462 2
444 462 1
445 462 1
448 462 1
452 462 1
467 462 1
483 462 1
488 462 1
80 463 1
83 463 1
108 463 1
112 463 1
259 463 1
318 463 1
344 463 1
458 463 2
512 463 1
127 464 1
189 464 1
234 464 1
302 464 1
370 464 1
415 464 1
431 464 4
439 464 2
447 464 4
459 464 2
473 464 1
501 464 3
513 464 3
226 465 1
240 465 6
453 465 1
625 465 1
45 466 1
111 466 1
125 466 2
183 466 1
194 466 1
226 466 1
262 466 1
302 466 1
423 466 1
432 466 3
452 466 1
458 466 1
524 466 1
530 466 1
90 467 1
127 467 2
145 467 1
189 467 1
264 467 1
267 467 4
431 467 2
438 467 1
445 467 1
453 467 5
458 467 3
462 467 1
484 467 1
488 467 1
512 467 1
530 467 1
38 468 5
80 468 1
195 468 1
206 468 1
222 468 1
232 468 1
406 468 1
439 468 1
463 468 1
485 468 1
535 468 1
671 468 1
38 469 1
39 469 1
83 469 1
184 469 1
191 469 1
194 469 1
238 469 1
402 469 1
403 469 1
431 469 1
446 469 1
455 469 1
658 469 1
465 470 1
199 471 1
214 471 3
261 471 1
263 471 1
354 471 1
532 471 6
553 471 5
622 471 1
189 472 2
405 472 1
420 472 2
431 472 1
440 472 3
451 472 1
452 472 2
454 472 1
464 472 1
467 472 2
470 472 1
523 472 1
658 472 1
251 473 2
432 473 2
450 473 1
206 474 1
447 474 1
455 474 1
619 474 2
83 475 1
447 475 1
467 475 7
38 476 3
194 476 1
370 476 1
381 476 1
417 476 3
471 476 1
127 477 1
370 477 1
471 477 1
482 477 1
239 478 1
268 478 1
438 478 1
447 478 1
684 478 2
63 479 1
416 479 1
433 479 1
446 479 1
454 479 1
474 479 1
483 479 1
504 479 4
517 479 1
44 480 1
70 480 2
95 480 1
107 480 1
146 480 2
161 480 2
202 480 2
214 480 1
274 480 1
285 480 2
359 480 1
366 480 5
475 480 3
515 480 4
467 481 1
684 481 3
146 482 3
150 482 1
261 482 1
263 482 1
466 482 1
586 482 1
666 482 1
335 483 1
346 483 2
110 484 2
383 484 1
480 484 1
588 484 2
678 484 3
683 484 3
189 485 2
420 485 1
432 485 1
461 485 1
481 485 4
33 486 3
38 486 1
92 486 1
226 486 1
400 486 1
421 486 1
432 486 1
439 486 2
445 486 1
455 486 3
459 486 1
488 486 1
509 486 1
524 486 1
633 486 1
645 486 1
282 487 1
428 487 1
483 487 1
4 488 1
204 488 1
238 488 2
392 488 1
463 488 1
467 488 1
622 488 1
643 488 2
671 488 1
39 489 1
55 489 1
226 489 4
356 489 1
370 489 2
406 489 1
463 489 1
485 489 2
487 489 1
44 490 1
75 490 1
203 490 1
515 490 1
67 491 1
445 491 1
467 491 1
38 492 1
40 492 1
74 492 2
100 492 1
125 492 1
337 492 1
437 492 1
439 492 2
482 492 1
488 492 1
536 492 1
39 493 1
100 493 1
290 493 3
320 493 1
368 493 2
439 493 2
452 493 1
464 493 1
483 493 1
204 494 1
215 494 1
448 494 1
490 494 1
28 495 2
86 495 1
110 495 1
174 495 1
258 495 1
491 495 2
30 496 2
153 496 1
202 496 1
211 496 1
215 496 1
222 496 1
326 496 1
356 496 1
375 496 3
492 496 2
38 497 2
57 497 1
83 497 1
127 497 1
195 497 1
387 497 2
431 497 1
437 497 1
477 497 3
493 497 2
501 497 1
509 497 4
531 497 2
642 497 1
3 498 1
32 498 1
38 498 4
72 498 1
83 498 3
115 498 2
122 498 1
206 498 1
216 498 1
251 498 4
299 498 1
326 498 2
338 498 1
494 498 1
622 498 2
28 499 1
34 499 2
203 499 2
230 499 1
495 499 1
194 500 1
195 500 5
320 500 2
433 500 3
262 501 1
429 501 1
483 501 1
497 501 3
517 501 3
61 502 1
96 502 1
378 502 1
63 503 1
73 503 1
169 503 2
184 503 2
279 503 3
297 503 8
301 503 4
320 503 1
324 503 1
328 503 2
498 503 5
536 503 1
676 503 1
22 504 1
38 504 3
184 504 1
194 504 1
267 504 1
435 504 1
436 504 1
451 504 1
452 504 1
455 504 1
459 504 1
460 504 1
461 504 2
446 505 1
125 506 3
127 506 2
129 506 1
189 506 1
295 506 1
368 506 2
432 506 1
445 506 1
451 506 1
462 506 1
14 507 2
20 507 1
33 507 1
38 507 6
69 507 2
234 507 2
356 507 1
383 507 1
392 507 1
400 507 1
413 507 1
453 507 1
481 507 1
485 507 3
490 507 5
502 507 4
535 507 1
622 507 1
671 507 1
125 508 1
431 508 1
447 508 1
450 508 1
503 508 3
38 509 2
483 509 1
517 509 1
169 510 1
210 510 2
231 510 1
255 510 1
257 510 1
520 510 1
143 511 1
507 511 1
666 511 2
211 512 2
561 512 2
33 513 4
38 513 1
189 513 1
193 513 1
194 513 2
360 513 1
370 513 1
402 513 2
433 513 1
436 513 1
445 513 1
463 513 1
541 513 1
622 513 1
154 514 6
206 514 7
510 514 1
519 514 1
189 515 2
427 515 3
434 515 1
125 516 2
129 516 3
246 516 3
382 516 2
408 516 1
512 516 1
658 516 3
194 517 9
195 517 1
432 517 1
455 517 3
464 517 1
524 517 1
214 518 1
300 518 3
496 518 1
533 518 4
534 518 1
36 519 1
42 519 1
63 519 1
161 519 1
197 519 2
213 519 1
218 519 3
372 519 2
475 519 2
518 519 1
17 520 1
41 520 2
80 520 1
91 520 2
124 520 1
215 520 1
223 520 2
308 520 1
622 520 1
483 521 1
517 521 2
46 522 1
276 522 1
377 522 1
16 523 2
18 523 1
55 523 1
63 523 2
76 523 1
94 523 2
271 523 3
288 523 2
321 523 1
339 523 1
421 523 2
519 523 1
533 523 3
5 524 4
63 524 1
133 524 1
163 524 1
207 524 1
318 524 1
358 524 1
520 524 2
666 524 1
51 525 1
77 525 1
111 525 4
502 525 3
131 526 1
399 526 1
405 526 1
431 526 1
477 526 1
493 526 1
522 526 2
642 526 3
91 527 1
98 527 1
127 527 3
195 527 1
203 527 1
232 527 1
241 527 1
267 527 1
400 527 1
422 527 1
439 527 1
445 527 2
450 527 1
452 527 1
455 527 1
619 527 3
642 527 1
127 528 1
226 528 2
513 528 1
9 529 1
54 529 2
183 529 1
63 530 1
117 530 1
183 530 1
279 530 1
382 530 2
88 531 1
96 531 1
183 531 2
219 531 4
63 532 1
80 532 2
107 532 2
263 532 1
285 532 1
310 532 4
528 532 5
666 532 1
38 533 4
328 533 1
420 533 1
476 533 1
40 534 1
38 535 2
165 535 1
73 536 2
208 536 1
280 536 1
330 536 1
520 536 4
685 536 3
13 537 1
321 537 1
2 538 3
5 538 1
36 538 2
46 538 2
95 538 1
146 538 2
211 538 1
214 538 1
253 538 1
261 538 1
263 538 1
303 538 1
313 538 1
374 538 1
466 538 1
518 538 1
538 538 1
542 538 2
547 538 1
580 538 1
597 538 1
638 538 2
656 538 2
666 538 1
668 538 1
36 539 3
46 539 1
63 539 1
105 539 2
112 539 1
156 539 1
180 539 1
205 539 1
213 539 5
235 539 1
292 539 1
312 539 2
359 539 1
373 539 3
375 539 2
14 540 2
19 540 2
38 540 1
73 540 3
105 540 1
216 540 1
251 540 1
332 540 1
336 540 2
339 540 1
531 540 3
622 540 2
14 541 5
272 541 3
306 541 1
344 541 2
519 541 2
37 542 1
101 542 1
137 542 2
180 542 1
253 542 2
264 542 2
312 542 1
315 542 2
351 542 1
390 542 1
492 542 1
561 542 1
36 543 1
101 543 1
140 543 1
205 543 1
618 543 3
649 543 1
29 544 1
208 544 2
539 544 1
657 544 1
202 545 1
253 545 1
565 545 2
572 545 1
581 545 1
150 546 1
246 546 1
537 546 2
548 546 2
555 546 1
565 546 1
600 546 1
620 546 1
636 546 1
654 546 1
181 547 1
205 547 1
207 547 2
381 547 1
393 547 1
541 547 1
583 547 1
95 548 5
252 548 1
285 548 2
313 548 2
359 548 2
514 548 3
518 548 1
526 548 1
533 548 5
556 548 1
561 548 1
580 548 1
587 548 1
674 548 1
73 549 3
96 549 1
223 549 1
236 549 1
239 549 1
333 549 1
382 549 1
549 549 1
578 549 1
602 549 1
649 549 1
184 550 3
223 550 2
264 550 1
272 550 1
275 550 1
373 550 1
543 550 1
565 550 1
22 551 1
218 551 2
392 551 1
418 551 2
545 551 2
102 552 1
265 552 1
337 552 1
546 552 2
2 553 1
547 553 1
101 554 2
202 554 1
214 554 1
539 554 1
558 554 2
559 554 1
561 554 1
628 554 2
636 554 4
594 555 1
229 556 1
571 556 1
593 556 1
620 556 2
672 556 1
682 556 1
137 557 2
261 557 3
290 557 1
342 557 1
373 557 1
527 557 1
550 557 2
576 557 1
105 558 1
171 558 1
323 558 2
595 558 1
220 559 2
237 559 1
244 559 1
346 559 2
25 560 1
150 560 2
158 560 1
300 560 2
317 560 1
550 560 1
553 560 2
665 560 1
51 561 1
312 561 1
313 561 1
346 561 1
677 561 1
323 562 1
538 562 3
548 562 1
555 562 2
653 562 1
36 563 2
128 563 1
208 563 1
237 563 1
533 563 2
594 563 1
600 563 3
613 563 1
634 563 1
532 564 1
558 564 4
653 564 1
36 565 2
72 565 1
93 565 1
205 565 3
508 565 1
558 565 1
591 565 1
660 565 1
205 566 1
391 566 1
559 566 4
572 566 1
584 566 1
689 566 1
35 567 1
80 567 2
163 567 4
208 567 1
313 567 2
676 567 1
36 568 1
160 568 1
202 568 1
366 568 1
552 568 1
558 568 1
578 568 1
611 568 2
689 568 1
146 569 1
160 569 2
208 569 1
387 569 1
528 569 2
676 570 1
687 570 2
73 571 3
145 571 1
184 571 3
246 571 1
328 571 2
356 571 1
579 571 2
602 571 1
237 572 3
498 572 1
512 572 2
560 572 1
680 572 1
683 572 1
128 573 1
160 573 1
246 573 1
520 573 1
548 573 1
565 573 2
592 573 1
604 573 1
614 573 1
566 574 1
571 574 1
202 575 1
562 575 1
567 575 1
588 575 2
585 576 1
662 576 1
169 577 1
184 577 2
237 577 1
257 577 1
324 577 1
496 577 1
560 577 1
120 578 2
205 578 1
651 578 1
142 579 1
312 579 1
35 580 1
123 580 1
211 580 2
261 580 1
272 580 1
312 580 1
313 580 2
361 580 1
373 580 1
478 580 1
538 580 1
559 580 1
600 580 1
277 581 1
320 581 1
573 581 1
351 582 1
533 582 1
587 582 1
600 582 1
634 582 2
657 582 3
662 582 6
666 582 1
208 583 1
555 583 1
620 583 1
662 583 1
220 584 1
304 584 1
335 584 1
346 584 1
589 584 1
48 585 1
273 585 1
316 585 2
323 585 1
576 585 3
586 585 2
618 585 1
620 585 2
662 585 2
539 586 1
542 586 1
577 586 1
618 586 1
689 586 1
73 587 1
138 587 2
206 587 1
342 587 1
576 587 4
140 588 2
579 588 1
633 588 3
203 589 1
666 589 1
161 590 1
351 590 1
515 590 1
208 591 1
599 591 1
10 592 1
153 592 1
165 592 1
183 592 1
184 592 1
187 592 1
224 592 1
544 592 2
222 593 1
587 594 2
599 594 1
621 594 1
669 594 2
691 594 1
158 595 1
558 595 1
612 595 1
618 595 2
649 595 1
662 595 1
137 596 1
155 596 1
207 596 1
209 596 1
313 596 1
380 596 1
538 596 1
614 596 1
662 596 1
116 597 1
144 597 1
202 597 1
355 597 2
366 597 2
580 597 1
137 598 1
211 598 1
313 598 1
478 598 1
567 598 1
588 598 2
36 599 2
222 599 1
342 599 1
359 599 1
589 599 1
614 599 1
264 600 1
328 600 1
659 600 1
677 600 1
492 601 1
547 601 2
548 601 1
649 601 1
686 601 1
205 602 1
296 602 3
548 602 2
550 602 2
555 602 1
591 602 1
618 602 5
662 602 1
668 602 1
115 603 1
553 603 1
561 603 1
691 603 1
138 604 1
342 604 1
391 604 1
566 604 1
676 604 1
125 605 1
589 605 1
611 605 1
246 606 1
277 606 1
373 606 3
537 606 1
553 606 2
583 606 3
616 606 1
656 606 1
101 607 1
137 607 1
166 607 1
274 607 1
317 607 1
341 607 1
351 607 2
367 607 1
515 607 2
561 607 1
595 607 2
664 607 2
144 608 1
175 608 1
263 608 1
389 608 1
519 608 1
539 608 1
589 608 1
676 608 3
514 609 1
518 609 1
666 609 1
679 609 1
147 610 1
175 610 1
200 610 1
312 610 3
373 610 1
377 610 1
598 610 2
605 610 1
627 610 2
661 610 1
600 611 1
608 611 1
631 611 1
650 611 1
660 611 2
36 612 1
117 612 2
128 612 1
246 612 1
313 612 1
537 612 2
580 612 1
607 612 2
617 612 2
662 612 3
78 613 1
109 613 1
143 613 1
300 613 1
330 613 1
539 613 1
542 613 1
565 613 1
574 613 1
600 613 1
638 613 2
682 613 1
128 614 1
146 614 1
161 614 1
213 614 2
587 614 1
183 615 1
236 615 1
292 615 1
541 615 1
257 616 1
272 616 1
160 617 1
206 617 1
323 617 2
558 617 1
580 617 1
600 617 2
601 617 2
618 617 2
620 617 2
661 617 1
664 617 1
538 618 2
652 618 1
676 618 1
166 619 2
360 619 1
670 619 3
196 620 1
389 620 2
480 620 1
564 620 2
652 620 2
676 620 1
685 620 1
10 621 1
63 621 1
76 621 1
140 621 1
182 621 1
184 621 4
357 621 1
609 621 1
671 621 1
692 621 1
614 622 1
636 623 2
35 624 1
208 624 1
237 624 2
259 624 1
565 624 1
588 624 1
73 625 2
138 625 1
196 625 1
200 625 1
202 625 1
208 625 1
215 625 1
237 625 1
272 625 1
323 625 1
346 625 1
361 625 1
383 625 1
492 625 2
527 625 2
533 625 1
560 625 1
576 625 1
611 625 2
623 625 1
650 625 1
676 625 1
687 625 2
613 626 1
679 626 1
99 627 1
151 627 1
323 627 1
540 627 2
612 627 2
615 627 1
646 627 2
49 628 1
272 628 1
300 628 1
606 628 1
611 628 1
672 628 1
687 628 1
316 629 2
555 629 1
663 629 1
668 629 1
276 630 1
662 630 3
35 631 2
263 631 1
532 631 1
600 631 1
618 631 2
653 631 1
674 631 2
300 632 1
478 632 1
520 632 1
662 632 1
621 633 3
635 633 2
676 633 1
668 634 2
133 635 1
214 635 1
115 636 2
205 636 1
211 636 1
323 636 1
539 636 2
586 636 1
588 636 1
649 636 1
662 636 1
676 636 1
687 636 1
14 637 1
38 637 1
346 637 1
437 637 1
644 637 1
158 638 1
178 638 1
200 638 1
539 638 1
620 638 2
646 638 1
662 638 1
687 638 2
10 639 1
164 639 1
184 639 1
202 639 1
335 639 1
342 639 1
534 639 1
550 639 1
588 639 3
616 639 1
628 639 1
656 639 1
682 639 1
687 639 1
14 640 1
17 640 2
94 640 2
105 640 1
130 640 1
228 640 1
238 640 1
251 640 4
280 640 3
292 640 2
335 640 2
531 640 1
541 640 2
622 640 1
645 640 1
670 640 1
373 641 1
119 642 1
321 642 1
390 642 1
535 642 1
679 642 1
33 643 4
38 643 2
341 643 1
452 643 1
487 643 2
516 643 1
629 643 1
251 644 1
105 645 1
210 645 1
220 645 1
272 645 2
649 645 1
669 645 1
676 645 1
36 646 2
138 646 1
143 646 1
220 646 1
520 646 2
562 646 1
614 646 1
627 646 4
676 646 1
13 647 1
17 647 2
302 647 1
352 647 1
368 647 1
349 648 3
620 649 1
621 649 3
631 649 1
520 650 1
590 650 1
621 650 1
632 650 1
662 650 2
82 651 1
97 651 1
111 651 2
159 651 1
165 651 2
219 651 3
282 651 3
305 651 1
512 651 1
633 651 1
35 652 1
480 652 2
507 652 1
600 652 2
313 653 3
520 653 1
570 653 1
618 653 1
686 653 1
36 654 2
143 654 1
533 654 1
556 654 1
604 654 1
614 654 1
618 654 1
656 654 1
685 654 1
2 655 1
94 655 1
95 655 1
202 655 1
313 655 1
143 656 1
275 656 1
565 656 1
581 656 1
620 656 1
638 656 3
646 656 1
656 656 1
83 657 1
189 657 1
191 657 1
450 657 1
535 657 1
271 658 1
455 658 2
180 659 1
237 659 1
256 659 1
320 659 2
541 659 1
543 659 1
650 659 1
32 660 1
33 660 1
38 660 1
189 660 4
195 660 2
320 660 1
370 660 2
433 660 1
444 660 1
455 660 1
460 660 1
463 660 1
464 660 1
482 660 1
501 660 1
645 660 2
195 661 1
215 661 1
264 661 1
300 661 1
319 661 1
320 661 2
439 661 1
38 662 2
53 662 1
94 662 1
251 662 1
368 662 2
452 662 1
501 662 1
502 662 1
624 662 1
639 662 1
643 662 1
92 663 1
485 663 1
39 664 1
100 664 1
225 664 1
238 664 1
439 664 1
464 664 1
531 664 2
643 664 1
645 664 1
163 665 1
201 665 1
208 665 1
261 665 1
313 665 1
373 665 2
587 665 1
14 666 1
127 666 1
194 666 2
413 666 2
439 666 2
449 666 1
625 666 1
671 666 1
33 667 1
259 667 1
282 667 4
531 667 2
602 667 1
648 667 1
556 668 1
558 668 3
588 668 1
589 668 1
590 668 1
600 668 1
606 668 1
618 668 2
638 668 2
662 668 1
257 669 1
621 669 1
133 670 1
214 670 1
313 670 1
317 670 5
351 670 1
532 670 1
554 670 3
595 670 2
207 671 2
208 671 1
218 671 1
244 671 1
272 671 1
300 671 1
330 671 2
566 671 1
610 671 2
627 671 1
641 671 1
652 671 2
683 671 1
132 672 1
187 672 2
209 672 1
220 672 1
224 672 1
323 672 1
342 672 1
538 672 1
539 672 2
542 672 1
618 672 3
689 672 1
611 673 1
548 674 1
649 674 1
202 675 1
548 675 2
565 675 1
615 675 3
656 675 2
666 675 2
687 675 1
151 676 1
200 676 1
480 676 1
611 676 1
663 676 1
9 677 5
83 677 2
131 677 2
299 677 5
326 677 2
626 677 1
644 677 1
104 678 2
143 678 2
175 678 2
178 678 5
211 678 1
36 679 1
137 679 2
259 679 1
538 679 1
662 679 2
663 679 1
676 679 2
205 680 2
335 680 1
533 680 1
7 681 1
182 681 1
328 681 1
364 681 1
580 681 1
646 681 1
120 682 2
133 682 1
160 682 2
183 682 1
276 682 1
323 682 2
373 682 1
389 682 1
492 682 1
518 682 1
532 682 1
586 682 4
604 682 1
618 682 1
689 682 1
77 683 1
78 683 1
604 683 1
618 683 1
662 683 3
663 683 3
132 684 1
208 684 1
373 684 1
492 684 1
532 684 2
550 684 2
662 684 1
595 685 1
597 685 1
253 686 1
317 686 1
580 686 2
99 687 1
146 687 1
261 687 1
263 687 1
313 687 1
317 687 2
366 687 1
514 687 2
515 687 1
528 687 1
580 687 1
595 687 1
666 687 2
675 687 1
121 688 1
17 689 1
207 689 1
532 689 1
598 689 1
662 689 2
667 689 1
37 690 2
208 690 1
272 690 1
300 690 1
572 690 1
578 690 2
296 691 4
318 691 1
323 691 1
572 691 1
627 691 1
5 692 1
214 692 1
323 692 1
538 692 2
223 693 1
232 693 1
531 693 2
624 693 1
670 693 1
17 694 1
22 694 1
28 694 1
33 694 1
184 694 10
228 694 1
432 694 1
490 694 2
502 694 1
133 695 1
576 695 1
606 695 1
620 695 1
320 696 1
396 696 1
480 697 2
213 698 2
565 698 3
599 698 2
600 698 1
694 698 1
347 699 1
580 699 1
659 699 1
675 699 4
198 700 1
562 700 1
588 700 3
611 700 1
2 701 1
163 701 1
210 701 1
259 701 1
323 701 1
480 701 2
637 701 1
153 702 1
177 702 1
253 702 1
263 702 1
330 702 2
603 702 1
104 703 2
112 703 1
213 703 1
263 703 1
317 703 1
534 703 1
546 703 1
587 703 1
666 703 1
679 703 1
372 704 1
515 705 1
518 705 1
600 706 1
601 706 3
634 706 1
656 706 1
80 707 2
210 707 3
264 707 1
296 707 2
349 707 1
506 707 1
609 707 5
38 708 2
51 708 1
118 708 1
127 708 1
226 708 1
234 708 1
431 708 1
453 708 1
471 708 3
671 708 2
606 709 1
621 709 1
663 709 1
687 709 1
588 710 1
669 710 1
210 711 1
550 711 2
615 711 1
616 711 1
649 711 2
655 711 1
328 712 1
532 712 1
688 713 1
200 714 1
520 714 1
550 714 1
128 715 1
690 715 1
107 716 1
518 716 1
666 716 1
14 717 1
300 717 1
323 718 1
662 718 1
555 719 1
621 719 2
688 720 2
