57 1 1
160 1 1
320 1 1
331 2 1
469 2 3
546 2 1
15 3 1
33 3 1
66 3 1
95 3 2
350 3 1
144 4 1
25 5 1
157 5 4
458 5 2
99 6 1
25 7 2
202 7 1
239 7 1
335 7 2
8 8 1
57 8 1
116 8 2
149 8 2
314 8 2
7 9 1
73 9 1
233 9 1
236 9 6
558 9 2
13 10 1
142 10 1
180 10 2
254 10 1
10 11 1
49 11 1
58 11 1
62 11 1
81 11 1
84 11 1
95 11 1
112 11 2
139 11 1
188 11 2
289 11 7
355 11 1
375 11 2
465 11 3
579 11 3
233 12 1
590 12 1
13 13 1
236 13 1
287 13 1
457 13 6
15 14 1
68 14 1
297 15 1
327 15 1
3 16 1
55 16 1
216 16 1
245 17 1
67 18 1
121 18 1
161 18 1
343 18 1
441 18 1
57 19 1
69 19 1
166 19 1
216 19 1
10 20 1
14 20 1
22 20 1
49 20 2
114 20 1
203 20 1
320 20 1
329 20 1
371 20 3
10 21 1
77 21 1
134 21 3
536 21 1
132 22 1
25 23 1
95 23 1
421 23 1
26 24 1
110 24 2
130 24 1
222 24 1
285 24 2
586 24 1
180 25 1
301 25 2
443 25 1
549 25 1
62 26 1
287 26 1
450 26 1
38 27 1
40 27 3
59 27 3
97 27 1
116 27 1
170 27 1
224 27 2
326 27 1
379 27 1
9 28 1
29 28 1
56 28 1
66 28 1
111 28 3
148 28 1
332 28 2
210 29 1
245 29 1
329 29 1
132 30 1
197 30 1
226 30 2
341 30 1
436 30 1
4 31 1
32 31 3
132 31 4
157 31 1
234 31 1
281 31 1
297 31 1
319 31 1
523 31 1
196 32 1
281 32 2
319 32 1
33 33 4
57 33 1
82 33 1
108 33 1
183 33 1
215 33 1
221 33 1
286 33 1
379 33 4
454 33 1
564 33 1
579 33 1
203 34 5
549 34 2
28 35 1
102 35 1
158 35 1
570 35 1
328 36 1
157 37 1
600 37 1
173 38 1
37 39 2
50 39 1
91 39 1
191 39 1
202 39 1
285 39 1
330 39 1
340 39 2
342 39 1
458 39 1
81 40 1
150 40 1
382 40 1
129 41 4
312 41 3
320 42 1
459 42 4
25 43 1
115 43 1
379 43 1
13 44 1
33 44 2
215 44 1
334 44 2
71 45 1
531 45 1
197 46 1
320 47 2
353 47 1
48 48 1
59 48 2
71 49 1
203 49 1
36 50 1
46 50 1
85 50 1
202 50 2
205 50 2
239 50 3
38 51 4
314 51 1
450 51 1
86 52 2
148 52 1
159 52 3
197 52 1
238 52 1
505 52 1
27 53 2
291 54 1
355 54 2
356 54 1
12 55 1
183 55 2
371 55 2
57 56 2
143 56 1
314 56 1
63 57 1
350 57 1
580 57 1
25 58 1
58 58 2
112 58 1
59 59 4
61 59 1
158 59 1
261 59 1
549 59 1
148 60 2
223 60 1
15 61 1
33 61 4
62 61 1
84 61 4
308 61 1
355 61 1
439 61 4
18 62 1
63 62 5
174 62 2
186 62 1
269 62 1
346 62 2
349 62 1
193 63 2
286 63 1
549 63 1
160 64 2
318 64 1
32 65 1
112 65 2
219 65 1
222 65 1
236 65 1
224 66 1
73 67 1
165 67 1
183 67 1
229 67 2
314 67 1
11 68 1
25 68 1
43 68 1
154 68 1
180 68 2
216 68 2
333 68 2
464 68 1
112 69 2
54 70 1
69 70 1
71 70 1
95 70 3
159 70 2
204 70 1
450 70 1
289 71 1
291 71 1
195 72 1
289 72 1
314 72 1
214 73 2
230 73 1
232 73 2
298 73 1
33 74 2
10 75 1
32 75 1
289 75 1
350 75 1
19 76 2
23 76 1
63 76 1
77 76 2
549 76 1
125 77 1
232 77 1
298 77 1
359 77 1
211 78 1
216 79 2
80 80 2
195 80 1
253 80 1
297 80 1
312 80 1
406 80 1
443 80 1
3 81 2
66 81 1
70 81 2
148 81 4
209 81 2
238 81 2
440 81 5
28 82 4
389 82 1
440 82 2
591 82 1
98 83 2
142 83 1
184 83 1
291 83 2
458 83 2
532 83 1
597 83 1
84 84 1
90 84 1
342 84 1
71 85 1
101 85 2
148 85 1
193 85 2
329 85 2
269 86 1
111 87 1
284 88 2
349 89 1
38 90 3
73 90 1
129 91 1
190 91 3
219 91 2
310 91 1
325 91 1
340 91 1
342 91 1
188 92 1
62 93 2
64 93 1
93 93 1
120 93 1
169 93 1
198 93 2
225 93 1
295 93 1
256 94 1
349 94 1
299 95 2
6 96 1
154 96 1
168 96 2
192 96 2
188 97 1
250 97 2
469 97 4
217 98 1
156 99 1
177 99 1
179 99 1
184 99 1
338 99 1
458 99 1
278 100 4
370 100 1
435 100 5
565 100 3
334 101 1
402 101 1
101 102 4
194 102 2
197 102 2
238 102 2
63 103 2
508 103 1
208 104 1
269 104 2
160 105 1
301 105 1
363 105 1
433 106 1
28 107 1
29 107 1
162 107 1
240 107 1
377 107 2
400 107 1
401 107 1
549 107 1
41 108 1
355 108 1
129 109 2
47 110 1
95 110 2
189 110 1
194 110 2
195 110 1
297 110 1
444 110 1
108 111 2
235 111 1
273 111 1
306 111 2
183 112 2
7 113 3
29 113 3
111 113 1
162 113 2
195 113 2
200 113 1
351 113 3
367 113 1
601 113 4
472 114 2
536 114 1
82 115 2
346 115 1
411 115 1
281 116 2
73 117 1
169 117 1
214 117 1
442 117 1
277 118 1
389 118 1
448 118 1
8 119 2
116 119 1
284 119 3
144 120 2
150 120 1
259 121 1
601 121 1
119 122 2
197 122 2
211 122 1
268 123 2
353 124 1
595 124 1
4 125 1
121 125 1
185 125 1
237 125 1
249 125 1
281 125 1
300 125 1
315 125 3
345 125 3
352 125 3
497 125 1
291 126 2
425 126 1
458 126 1
228 127 1
138 128 2
208 128 1
246 128 1
289 128 1
480 128 1
518 128 1
113 129 1
141 129 2
349 129 1
101 130 1
110 130 1
125 130 2
341 130 3
343 130 1
508 130 1
127 131 1
259 131 1
285 131 1
341 131 2
350 131 1
423 131 1
33 132 1
113 132 1
161 132 1
162 132 1
507 132 1
90 133 1
95 133 1
101 133 2
129 133 3
137 133 1
144 133 1
157 133 2
191 133 2
248 133 1
256 133 1
342 133 2
250 134 1
90 135 1
148 135 1
314 135 1
31 136 4
129 136 1
132 136 2
147 136 2
178 136 1
445 136 2
470 136 1
516 136 1
109 137 1
184 137 1
308 137 1
329 137 2
484 137 1
540 137 1
576 137 2
135 138 2
311 138 2
480 139 1
448 140 7
319 141 1
458 141 1
98 142 1
182 142 1
193 142 2
263 142 1
421 142 1
139 143 1
144 143 2
155 143 1
243 143 1
246 143 1
188 144 1
601 144 1
161 145 1
347 145 1
527 145 2
234 146 1
4 147 1
32 147 1
157 147 2
168 147 1
221 147 2
226 147 1
421 147 2
481 147 1
33 148 3
216 148 2
261 148 1
289 148 1
473 148 1
174 149 1
196 149 2
291 149 1
352 149 1
130 150 1
132 150 1
227 150 1
458 150 1
77 151 2
111 151 2
148 151 5
165 151 1
230 151 1
232 151 1
286 151 1
347 151 1
586 151 1
162 152 1
166 152 4
295 152 1
312 152 2
225 153 1
99 154 1
129 154 5
157 154 1
190 154 2
279 154 2
340 154 1
549 154 1
595 154 1
12 155 1
221 155 4
240 155 1
289 155 2
391 155 1
438 155 1
31 156 1
151 156 1
270 156 1
291 156 1
425 156 1
101 157 1
259 158 1
85 159 1
265 159 1
342 159 4
99 160 2
210 160 1
248 161 1
262 161 1
139 162 3
497 162 1
528 162 1
121 163 3
154 163 1
156 163 2
10 164 2
36 164 2
69 164 1
157 164 12
210 164 1
308 164 2
326 165 2
31 166 1
63 166 1
150 166 1
159 166 3
228 166 1
246 166 2
274 166 1
289 166 4
297 166 1
349 166 1
500 166 1
513 166 1
4 167 1
83 167 1
132 167 3
160 167 1
233 167 1
312 167 2
320 167 1
448 167 8
592 167 2
194 168 1
197 168 1
238 168 1
292 168 1
473 168 1
28 169 2
33 169 1
161 169 1
162 169 1
312 169 4
163 170 3
273 170 1
297 170 4
162 171 1
270 171 1
320 171 1
163 172 2
165 172 1
232 172 1
282 172 1
297 172 1
80 173 5
149 173 1
253 173 2
34 174 1
88 174 1
161 174 1
225 174 2
235 174 1
255 174 1
409 174 1
567 174 1
3 175 1
36 175 1
157 175 1
158 175 1
160 175 1
168 175 1
320 175 2
342 175 2
355 175 1
28 176 1
90 176 1
113 176 1
167 176 1
169 176 2
173 176 1
183 176 1
332 176 1
334 176 2
12 177 2
41 177 1
180 177 1
208 177 1
222 177 2
53 178 1
219 178 1
549 179 1
59 180 1
111 180 1
113 180 3
379 180 1
387 180 1
417 180 1
549 180 1
35 181 1
58 181 1
175 181 1
371 181 1
338 182 2
212 183 1
338 183 1
57 184 1
82 184 3
83 184 1
188 184 1
194 184 5
289 184 2
450 184 2
17 185 1
49 185 6
145 185 1
180 185 2
286 185 5
122 186 1
123 186 1
153 186 2
174 186 6
182 186 1
291 186 1
309 186 1
490 186 1
61 187 1
82 187 3
261 187 2
323 187 1
334 187 2
191 188 1
354 188 1
469 188 1
546 188 1
582 188 3
185 189 3
291 189 2
423 189 2
469 189 1
471 189 4
31 190 1
122 190 1
160 190 2
186 190 1
345 191 1
118 192 1
143 192 1
246 192 2
279 192 2
331 192 1
343 193 1
96 194 1
129 194 2
190 194 4
56 195 1
101 195 1
108 195 1
127 195 1
182 195 1
196 195 1
237 195 3
469 195 1
115 196 2
228 196 1
207 197 1
245 197 1
193 198 1
197 198 1
71 199 3
175 199 1
214 199 7
273 199 2
292 199 1
340 199 2
406 199 3
9 200 8
66 200 2
286 200 1
297 200 1
32 201 1
43 201 2
188 201 1
196 201 1
267 201 1
281 201 3
325 201 1
289 202 2
61 203 2
71 203 2
135 203 2
192 203 1
197 203 2
206 203 2
293 203 1
305 203 3
436 203 2
77 204 1
93 204 1
115 204 2
214 204 1
219 204 1
275 204 2
342 204 3
432 204 1
468 204 2
3 205 2
106 205 1
111 205 2
232 205 1
297 205 3
298 205 2
166 206 2
209 206 1
555 206 1
34 207 1
97 207 4
169 207 1
200 207 1
332 207 1
408 207 1
567 207 2
85 208 1
157 208 3
179 208 1
202 208 4
264 208 1
371 208 1
526 208 1
599 208 2
84 209 1
166 209 1
197 209 5
306 209 3
33 210 1
35 210 3
289 211 1
518 211 2
157 212 1
342 212 1
32 213 1
124 213 1
156 213 2
159 213 1
170 213 1
262 213 1
320 213 1
469 213 1
448 214 1
12 215 1
46 215 1
71 215 1
101 215 1
157 215 4
197 215 1
205 215 1
308 215 2
375 215 2
424 215 1
238 216 1
243 216 1
270 216 1
292 216 1
297 216 1
487 216 1
122 217 2
133 217 2
72 218 5
82 218 1
246 218 1
334 218 2
368 218 1
398 218 1
432 218 1
22 219 2
163 219 5
197 219 4
214 219 6
282 219 4
48 220 1
77 220 1
236 220 1
287 220 2
570 220 2
41 221 1
103 221 1
254 221 1
370 221 1
217 222 4
502 222 1
229 223 1
289 223 1
329 223 2
371 223 2
453 223 2
472 223 3
599 223 2
474 224 3
601 224 1
142 225 3
241 225 1
297 225 1
307 225 1
485 225 1
91 226 3
129 226 2
133 226 1
191 226 1
40 227 1
106 227 1
197 227 1
223 227 2
253 227 2
30 228 2
33 228 2
61 228 1
70 228 2
93 228 1
181 228 1
225 228 1
268 228 1
289 228 2
160 229 2
249 229 1
352 229 1
98 230 1
114 230 1
182 230 3
191 230 3
325 230 1
469 230 1
87 231 1
297 231 1
518 231 2
595 232 1
148 233 3
165 233 1
312 233 1
356 233 2
387 233 1
508 233 1
28 234 1
54 234 1
74 234 1
102 234 1
157 234 1
165 234 1
230 234 1
234 234 1
258 234 1
291 234 1
292 234 2
339 234 1
341 234 1
589 234 1
154 235 1
230 236 1
232 236 1
357 236 1
8 237 2
101 237 2
105 237 2
214 237 4
233 237 3
104 238 1
130 238 1
184 238 2
185 238 2
228 238 1
469 238 1
507 238 1
295 239 1
8 240 7
2 241 1
31 241 2
309 241 1
349 241 1
483 241 1
526 241 1
8 242 2
9 242 1
68 242 1
111 242 2
137 242 1
192 242 1
195 242 1
197 242 1
202 242 2
214 242 1
238 242 6
261 242 1
391 242 1
157 243 1
210 243 1
271 243 1
510 243 2
499 244 1
518 244 1
241 245 1
270 245 1
16 246 3
29 246 2
93 246 1
334 246 2
392 246 1
253 247 1
65 248 1
84 248 1
85 248 1
132 248 1
202 248 1
203 248 2
226 248 1
306 248 1
335 248 1
360 248 1
423 248 1
22 249 2
106 249 1
151 249 2
162 249 3
206 249 1
221 249 1
246 249 3
302 249 2
469 249 1
516 249 1
537 249 1
87 250 1
157 250 2
179 250 2
329 250 1
128 251 1
160 251 2
206 251 1
336 251 1
350 251 2
89 252 1
194 252 3
475 252 1
580 252 2
127 253 1
531 253 1
188 254 1
212 254 1
219 254 1
252 254 4
289 254 1
291 254 2
458 254 1
148 255 2
162 255 1
286 255 2
314 255 7
450 255 1
2 256 1
142 256 1
162 257 2
33 258 2
90 258 1
166 258 1
222 258 1
232 258 1
343 258 4
410 258 1
150 259 1
296 259 1
85 260 1
96 260 2
257 261 1
106 262 1
162 262 1
174 262 1
197 262 1
232 262 2
107 263 1
211 264 1
243 264 1
260 264 1
173 265 2
566 265 2
17 266 1
69 266 1
111 266 1
139 266 1
150 266 1
157 266 1
264 266 1
327 266 3
330 266 1
471 266 1
6 267 1
25 267 1
192 267 1
202 267 1
210 267 1
278 267 2
589 268 1
195 269 1
204 269 1
326 269 1
346 269 1
42 270 1
197 270 5
131 271 1
197 271 2
201 271 2
238 271 3
270 271 2
286 271 1
297 271 1
314 271 1
322 271 1
209 272 3
472 272 3
149 273 2
205 273 4
212 273 1
297 273 1
450 273 1
51 274 1
100 274 1
160 274 1
193 274 1
242 274 1
322 274 1
326 274 1
113 275 1
406 275 1
591 275 3
443 276 1
33 277 1
106 277 2
270 277 1
273 277 1
356 277 1
18 278 3
101 278 1
67 279 1
98 279 3
275 279 1
28 280 1
77 280 1
238 280 2
33 281 2
179 281 1
238 281 1
276 281 2
287 281 1
396 281 1
129 282 1
265 282 1
278 282 1
85 283 1
371 283 1
56 284 1
105 284 1
5 285 1
146 285 1
212 285 1
234 285 3
96 286 1
144 286 2
152 286 1
179 286 1
421 286 1
86 287 1
148 287 2
221 288 6
86 289 1
161 289 1
318 289 1
37 290 1
312 290 1
331 290 1
421 290 1
7 291 2
221 291 2
284 291 2
321 291 1
425 291 1
149 292 1
33 293 1
71 293 1
101 293 2
136 293 2
148 293 2
214 293 2
238 293 1
259 293 1
261 293 3
282 293 2
450 293 1
290 294 1
138 295 2
494 295 1
510 295 1
518 295 5
582 295 2
70 296 1
161 296 1
214 296 2
223 296 1
321 296 1
299 297 1
469 297 1
71 298 2
259 298 1
337 299 2
33 300 1
57 300 1
137 300 2
275 300 1
283 300 1
307 300 1
549 300 1
138 301 1
198 301 1
296 301 1
516 301 2
228 302 1
284 302 2
297 302 3
457 302 1
162 303 2
232 303 1
554 303 1
197 304 1
354 304 2
56 305 1
161 306 2
195 306 10
303 306 1
289 307 2
432 307 2
518 307 3
168 308 1
210 308 2
457 308 1
569 308 2
154 309 1
264 309 1
25 310 1
55 310 1
12 311 1
33 311 1
181 311 1
307 311 1
332 311 1
342 311 1
36 312 1
127 313 1
138 313 2
6 314 2
84 314 1
54 315 2
473 315 1
33 316 2
312 316 3
347 316 4
126 317 1
196 317 1
425 317 1
445 317 1
458 317 2
83 318 1
289 318 2
508 318 1
221 319 3
31 320 8
122 320 1
129 320 2
263 320 1
348 320 1
580 320 1
127 321 6
316 321 5
425 321 2
516 321 1
439 322 1
132 323 2
146 323 1
234 323 1
319 323 3
425 323 1
40 324 1
106 324 2
131 324 1
160 324 1
174 324 2
196 324 2
222 324 1
348 324 1
580 324 1
197 325 1
312 325 4
450 325 2
478 325 1
63 326 1
77 326 7
179 326 2
214 326 5
579 326 1
157 327 1
180 327 1
60 328 1
116 328 1
196 329 1
280 329 1
291 329 2
299 329 1
315 329 3
325 329 1
469 329 2
158 330 1
453 331 1
174 332 2
516 332 1
546 332 1
46 333 1
329 333 1
121 334 1
330 334 6
580 334 1
89 335 1
60 336 1
113 336 2
116 336 1
213 336 5
457 336 1
34 337 1
213 337 2
274 337 4
334 337 3
569 337 2
573 337 2
35 338 1
85 338 1
85 339 1
158 339 1
168 339 3
210 339 1
96 340 1
294 340 2
337 340 2
19 341 1
71 341 2
98 341 1
126 341 1
191 341 1
220 341 2
227 341 1
328 341 1
469 341 2
583 341 1
102 342 2
179 342 2
21 343 1
77 343 1
124 343 1
340 343 1
598 343 1
52 344 1
90 344 3
125 344 1
148 344 2
150 344 1
160 344 1
197 344 2
266 344 1
283 344 1
344 344 1
13 345 1
25 345 3
33 345 1
58 345 2
71 345 1
85 345 1
157 345 6
190 345 3
203 345 1
205 345 3
221 345 1
430 345 2
119 346 1
162 346 1
163 346 1
166 346 1
197 346 1
229 346 1
232 346 1
343 346 4
110 347 1
243 347 1
343 347 1
121 348 1
130 348 1
159 348 1
309 348 1
321 348 1
349 348 1
483 348 1
197 349 1
365 349 2
512 349 2
58 350 2
102 350 2
289 350 1
347 350 5
579 350 1
121 351 1
280 351 1
320 351 1
330 351 1
458 351 2
159 352 2
261 352 2
349 352 2
508 352 2
575 352 1
134 353 1
265 353 1
569 353 2
591 353 1
206 354 1
507 354 2
529 354 1
103 355 1
263 355 2
315 355 1
121 356 1
160 356 1
192 356 2
281 356 1
291 356 5
10 357 1
12 357 1
176 358 3
227 358 4
584 358 1
12 359 3
17 359 3
54 359 1
355 359 3
468 359 1
54 360 1
63 360 1
89 360 1
214 360 1
229 360 1
565 360 1
20 361 1
52 362 2
233 362 1
480 362 1
10 363 2
15 363 1
16 363 1
33 363 2
49 363 1
54 363 1
59 363 1
76 363 1
160 363 1
198 363 1
219 363 1
225 363 1
261 363 5
450 363 1
473 363 1
549 363 6
153 364 1
192 364 1
208 364 1
252 364 1
269 364 2
425 364 1
63 365 1
228 365 1
202 366 1
316 366 1
360 366 3
446 366 1
484 366 1
526 366 1
169 367 1
366 367 2
367 367 1
396 367 1
413 367 2
442 367 1
12 368 1
33 368 1
113 368 1
334 368 3
376 368 1
392 368 1
555 369 1
71 370 1
201 370 1
286 370 1
334 370 5
358 370 1
402 370 1
447 370 1
571 370 1
90 371 1
169 371 2
34 372 1
88 372 1
90 372 1
173 372 1
215 372 1
410 372 2
555 372 1
166 373 1
261 373 2
332 373 1
361 373 1
386 373 2
408 373 1
442 373 1
467 373 2
569 373 1
173 374 1
387 374 1
197 375 2
214 375 3
390 376 1
369 377 1
410 377 1
173 378 1
388 378 1
402 378 1
413 378 1
435 379 2
438 379 3
65 380 3
141 380 2
205 380 1
271 380 1
305 380 1
371 380 3
169 381 1
394 381 1
334 382 1
419 382 1
570 382 2
33 383 2
361 383 1
391 383 1
410 383 1
564 383 2
602 383 1
29 384 2
173 384 4
374 384 1
386 384 1
396 384 1
398 384 2
401 384 1
405 384 1
406 384 1
46 385 1
49 385 3
276 385 4
307 385 1
42 386 3
67 387 1
80 387 1
90 387 1
372 387 1
385 387 1
399 387 1
564 387 2
93 388 1
270 388 1
287 388 1
378 388 2
448 388 1
472 388 1
33 389 4
82 389 2
379 389 5
569 389 1
579 389 2
389 390 1
33 391 2
113 391 1
242 391 1
289 391 1
387 391 1
392 391 1
54 392 1
167 392 3
172 392 5
192 392 1
388 392 1
479 392 1
22 393 1
365 393 1
473 393 1
380 394 1
443 394 1
111 395 1
428 396 1
449 396 1
56 397 2
111 397 1
386 397 1
387 397 1
365 398 2
383 398 2
442 398 1
410 399 1
410 400 4
428 400 1
449 400 1
34 401 2
173 401 1
242 401 1
307 401 1
332 401 1
377 401 1
385 401 1
387 401 1
392 401 2
400 401 2
403 401 1
591 401 2
18 402 1
27 402 2
33 402 1
207 402 1
271 402 1
385 402 1
392 402 2
398 402 3
591 402 1
90 403 2
167 403 1
364 403 1
387 403 1
388 403 1
402 403 1
413 403 1
434 403 1
388 404 2
410 404 1
384 405 1
398 405 1
442 405 1
33 406 1
105 406 2
113 406 1
167 406 3
292 406 1
324 406 1
374 406 1
407 406 1
413 406 6
451 406 1
390 407 1
62 408 1
418 408 1
33 409 2
34 409 1
62 409 1
113 409 1
230 409 3
286 409 1
392 409 5
427 409 4
570 409 2
29 410 1
167 410 4
377 410 2
382 410 1
389 410 1
403 410 2
411 410 3
460 410 1
34 411 1
29 412 1
33 412 1
54 412 1
167 412 2
408 412 1
412 412 1
413 412 1
34 413 1
166 413 1
194 413 1
172 414 1
242 414 1
385 414 1
392 414 2
402 414 2
549 414 1
20 415 1
29 415 1
137 415 1
162 415 1
169 415 1
214 415 4
270 415 1
389 415 1
395 415 2
401 415 1
569 415 1
29 416 2
90 416 1
373 416 1
390 416 1
405 416 2
420 416 1
437 416 1
461 416 1
29 417 1
386 417 1
398 417 1
399 417 1
400 417 1
405 417 3
113 418 1
398 418 1
410 418 1
461 418 1
29 419 1
169 419 2
364 419 3
385 419 1
395 419 2
398 419 2
413 419 1
418 419 1
429 419 1
591 419 1
334 420 1
395 420 6
396 420 7
29 421 1
45 421 1
75 421 3
105 421 1
221 421 1
324 421 1
334 421 1
361 421 2
401 421 1
432 421 1
437 421 1
451 421 1
16 422 1
29 422 2
48 422 1
113 422 1
161 422 1
201 422 1
242 422 3
297 422 1
305 422 1
363 422 2
392 422 2
448 422 1
29 423 1
33 423 1
100 423 2
113 423 1
200 423 1
209 423 4
362 423 1
392 423 1
396 423 1
399 423 1
402 423 2
403 423 1
419 423 1
320 424 1
173 425 1
385 425 3
33 426 2
238 426 1
332 426 1
362 426 2
406 426 2
461 426 1
332 427 1
386 427 3
209 428 1
24 429 2
149 429 1
162 429 4
377 429 1
386 429 1
410 429 1
447 429 1
513 429 1
167 430 1
187 430 1
238 430 1
273 430 1
286 430 1
381 430 2
395 430 1
555 430 1
33 431 3
48 431 1
71 431 2
76 431 2
192 431 1
297 431 1
334 431 2
392 431 1
569 431 1
33 432 1
172 432 1
195 432 1
397 432 3
410 432 1
437 432 1
210 433 1
414 433 1
423 434 1
469 434 3
486 434 2
531 434 1
546 434 1
38 435 1
246 435 1
377 435 1
386 435 1
410 435 1
437 435 2
400 436 1
417 436 2
386 437 1
392 437 3
447 437 1
569 437 1
591 437 1
332 438 1
390 438 1
416 438 6
455 438 1
29 439 1
88 439 1
90 439 4
346 439 1
392 439 4
64 440 1
148 440 1
173 440 2
198 440 1
355 440 1
392 440 2
398 440 2
422 440 1
238 441 1
246 441 1
387 441 2
398 441 1
399 441 2
401 441 1
404 441 4
410 441 1
444 441 3
36 442 2
144 442 3
157 442 3
174 442 1
274 442 1
280 442 1
308 442 1
421 442 1
580 442 3
33 443 2
369 443 2
202 444 1
483 444 1
210 445 1
122 446 1
143 446 1
179 446 2
186 446 1
250 446 2
278 446 1
516 446 2
242 447 1
426 447 1
378 448 1
410 448 1
564 448 2
579 448 1
3 449 1
81 449 4
113 449 1
181 449 1
391 449 1
399 449 1
33 450 1
62 450 1
67 450 1
192 450 1
201 450 1
307 450 1
334 450 1
457 451 2
105 452 1
334 452 1
443 452 4
33 453 1
549 453 2
167 454 1
398 454 1
457 454 2
568 454 1
59 455 1
105 455 2
312 455 1
6 456 1
11 456 1
84 456 1
203 456 1
231 456 1
265 456 1
325 456 1
435 456 4
122 457 1
138 457 1
167 458 1
242 458 1
396 458 1
413 458 1
313 459 1
62 460 1
198 460 1
225 460 1
272 460 1
18 461 1
62 461 1
245 461 1
387 462 1
410 463 1
33 464 2
63 464 1
78 464 1
131 464 1
189 464 1
199 464 2
253 464 1
266 464 1
270 464 1
441 464 1
463 464 2
480 464 1
13 465 1
173 465 1
374 465 1
29 466 1
90 466 1
173 466 1
238 466 1
332 466 1
551 466 1
555 466 1
44 467 1
79 467 3
167 467 1
209 467 1
334 467 5
392 467 2
431 467 4
555 467 1
569 467 3
591 467 1
369 468 1
420 468 1
37 469 1
141 470 1
188 470 1
219 471 1
24 472 1
172 472 2
173 472 1
242 472 4
271 472 1
292 472 1
401 472 1
4 473 1
348 473 1
278 474 1
218 475 1
253 475 2
297 475 2
332 475 2
450 475 3
172 476 2
173 476 1
364 476 1
462 476 1
4 477 1
285 477 1
452 477 3
84 478 1
203 478 2
210 478 4
250 478 1
313 478 3
340 478 1
92 479 1
238 479 1
295 479 1
2 480 1
114 480 3
129 480 1
425 480 2
494 480 2
17 481 2
20 481 1
62 481 1
65 481 1
77 481 1
140 481 1
197 481 3
217 481 1
245 481 3
371 481 1
435 481 1
438 481 1
457 481 1
552 481 2
184 482 1
291 482 2
469 482 1
538 482 2
158 483 1
198 483 2
549 483 1
422 484 3
567 484 3
29 485 1
33 485 2
62 485 1
183 485 2
332 485 1
334 485 2
372 485 1
392 485 1
393 485 1
396 485 3
400 485 2
402 485 1
420 485 1
201 486 1
221 486 1
366 486 1
403 486 2
87 487 1
150 488 1
195 488 1
262 488 1
305 488 1
183 489 1
349 489 2
450 489 2
110 490 1
143 490 1
207 490 2
220 490 1
308 490 1
466 490 1
365 491 1
373 491 1
410 491 1
426 491 3
518 492 2
33 493 4
113 493 1
128 493 1
334 493 1
569 493 1
591 493 1
196 494 2
249 494 1
425 494 2
482 494 5
582 494 1
2 495 2
37 495 2
121 495 1
127 495 2
129 495 1
132 495 1
185 495 1
191 495 1
247 495 1
272 495 1
317 495 1
423 495 1
452 495 1
456 495 2
470 495 2
475 495 1
477 495 1
484 495 1
486 495 1
572 495 1
586 495 2
32 496 2
50 496 1
91 496 1
109 496 1
126 496 1
133 496 1
250 496 2
313 496 2
338 496 2
453 496 2
47 497 2
198 497 4
216 497 1
305 497 2
342 497 3
549 497 1
592 497 2
473 498 5
121 499 1
127 499 1
227 499 1
237 499 1
370 499 1
518 499 1
543 499 1
605 499 2
248 500 1
425 500 1
506 500 3
543 500 1
576 500 1
595 500 1
164 501 1
516 501 1
520 501 1
582 501 2
291 502 2
491 502 3
185 503 1
539 503 1
63 504 1
193 504 1
478 504 4
535 504 1
31 505 1
452 505 2
456 505 1
470 505 2
540 505 1
63 506 1
86 506 2
143 506 1
192 506 1
193 506 1
194 506 1
197 506 1
233 506 1
273 506 2
208 507 1
269 507 1
274 507 2
314 507 1
343 507 2
219 508 1
310 508 2
114 509 1
488 510 1
518 510 1
546 510 1
548 510 2
25 511 1
304 512 1
312 512 6
356 512 1
575 512 1
98 513 2
121 513 1
197 513 1
241 513 2
345 513 1
483 513 2
578 513 1
102 514 1
127 514 1
469 514 1
470 514 2
484 514 1
543 514 1
581 514 1
312 515 1
11 516 2
415 516 2
510 516 1
195 517 2
535 517 1
580 517 2
582 517 1
475 518 1
489 518 1
547 518 1
604 518 2
489 519 1
125 520 1
317 520 1
425 520 1
436 520 1
518 520 3
37 521 2
186 521 2
425 521 1
458 521 1
476 521 2
483 521 1
516 521 1
436 522 1
482 522 1
584 522 1
146 523 1
266 523 1
458 523 1
496 523 1
505 523 1
518 523 2
582 523 1
595 523 1
39 524 1
494 525 1
578 526 1
595 526 1
603 526 1
192 527 1
193 527 1
295 527 1
495 527 1
499 527 1
321 528 1
582 528 1
156 529 1
281 529 1
328 529 1
511 529 1
521 529 1
546 529 1
547 529 1
588 529 1
562 530 1
498 531 3
576 531 1
132 532 1
546 532 1
197 533 1
601 533 1
291 534 1
535 534 1
546 534 1
582 534 1
315 535 1
425 535 1
146 536 1
234 536 1
251 536 2
280 536 1
499 536 1
502 537 1
514 537 1
214 538 1
503 538 1
506 538 1
544 538 1
572 538 1
610 538 1
490 539 1
583 539 1
595 540 1
606 540 1
106 541 1
182 541 1
208 541 1
371 541 1
529 541 1
425 542 1
199 543 1
312 544 1
499 544 1
505 544 1
509 544 2
529 544 1
453 545 3
594 545 2
330 546 1
345 546 1
505 546 1
511 546 1
546 546 1
605 546 1
148 547 3
253 547 1
159 548 1
302 548 1
323 548 1
114 549 1
486 549 1
525 549 1
531 549 1
490 550 4
176 551 3
179 551 1
182 551 1
184 551 1
246 551 2
518 551 1
323 552 1
330 552 1
481 552 1
585 552 2
179 553 1
484 553 2
499 553 1
518 553 1
583 553 1
246 554 1
553 554 1
519 555 1
580 555 1
470 556 1
482 556 1
488 556 1
182 557 1
338 557 1
482 557 1
488 557 1
516 557 1
546 557 3
71 558 1
122 558 2
124 558 1
147 558 2
299 558 1
309 558 1
325 558 2
354 558 2
425 558 1
32 559 3
33 559 1
179 559 1
325 559 1
470 559 2
486 559 1
525 559 2
531 559 1
563 559 1
219 560 2
237 560 1
319 560 1
453 560 2
458 560 1
526 560 1
117 561 1
122 561 1
206 561 2
246 561 1
191 562 1
86 563 1
274 563 1
538 563 1
587 563 1
542 564 1
605 564 2
85 565 1
142 565 1
486 565 2
144 566 1
309 566 1
526 566 1
132 567 1
190 567 4
559 567 1
505 568 1
533 568 1
541 568 1
63 569 1
314 569 1
487 569 2
130 570 1
132 570 1
156 570 1
157 570 1
182 570 1
212 570 1
240 570 1
288 570 1
516 570 1
561 570 1
574 570 1
607 570 1
289 571 1
492 571 1
515 571 1
518 571 1
59 572 2
193 572 2
472 572 1
40 573 1
161 573 1
595 573 1
159 574 1
233 574 2
177 575 1
232 575 3
516 575 1
136 576 5
184 576 2
188 576 1
246 576 1
436 576 2
483 576 2
605 576 2
475 577 1
518 577 2
540 577 1
576 577 4
320 578 1
511 578 4
114 579 3
554 579 1
578 579 1
499 580 1
504 580 1
548 580 3
530 581 1
534 581 1
114 582 1
177 582 1
254 582 1
532 582 1
543 582 1
583 582 1
436 583 1
501 583 1
548 584 1
320 585 1
469 585 1
507 585 1
543 585 1
546 585 1
554 585 1
605 585 3
48 586 1
113 586 1
432 586 1
468 586 2
591 586 2
483 587 1
490 587 1
209 588 1
496 588 1
548 588 1
554 588 1
1 589 2
57 589 1
254 589 2
275 589 1
300 589 1
315 589 2
419 589 1
457 589 1
461 589 2
275 590 1
468 590 1
472 590 1
64 591 1
368 591 2
549 591 1
591 591 1
412 592 1
443 592 2
549 592 1
569 592 1
241 593 1
184 594 2
505 594 1
541 594 1
554 594 4
33 595 2
169 595 1
126 596 1
224 596 1
530 597 1
548 597 1
560 597 1
605 597 1
153 598 1
524 598 1
576 598 3
213 599 1
255 599 1
450 599 1
463 599 1
114 600 1
319 600 1
121 601 1
223 601 1
476 601 2
488 601 2
521 601 3
543 601 2
557 601 1
476 602 1
477 602 1
482 602 2
246 603 1
341 603 1
500 603 1
529 603 1
582 603 1
32 604 1
133 604 1
191 604 1
482 604 2
540 604 1
560 604 1
242 605 2
334 605 2
564 605 1
137 606 1
550 606 1
565 606 1
125 607 2
192 607 1
282 607 1
566 607 1
29 608 1
172 608 2
173 608 1
377 608 1
413 608 1
443 608 1
460 608 1
192 609 1
197 609 1
214 609 1
282 609 1
289 609 1
297 609 1
62 610 1
64 610 1
105 610 1
171 610 1
289 610 1
307 610 1
434 610 1
33 611 1
81 611 1
334 611 3
392 611 1
32 612 4
133 612 1
490 612 1
531 612 1
572 612 3
380 613 1
443 613 2
569 613 1
33 614 2
121 615 1
281 615 1
338 615 1
475 615 1
490 615 1
518 615 1
546 615 1
312 616 3
338 616 1
508 616 1
595 616 1
150 617 1
348 617 1
566 617 1
595 617 2
117 618 1
254 618 1
299 618 1
436 618 1
490 618 1
525 618 1
561 618 1
593 618 2
114 619 2
483 619 1
135 620 2
280 620 1
342 620 1
497 620 3
556 620 1
114 621 1
184 621 1
249 621 1
291 621 1
114 622 1
94 623 1
129 623 2
157 623 6
159 623 1
194 623 1
248 623 1
252 623 9
308 623 2
204 624 1
240 624 2
493 624 1
595 624 1
606 625 2
117 626 1
425 626 1
458 626 2
477 626 1
563 626 1
595 626 2
291 627 1
185 628 1
281 628 1
291 628 4
596 628 1
77 629 2
129 629 2
150 629 1
237 629 3
494 629 1
584 629 2
598 629 2
458 630 1
182 631 2
289 631 1
587 631 1
121 632 1
230 632 1
541 632 1
596 632 1
127 633 1
505 633 1
507 633 1
562 633 2
596 633 2
263 634 1
516 634 1
518 634 1
582 634 1
42 635 1
332 635 1
469 635 1
1 636 1
33 636 1
364 636 1
408 636 1
417 636 2
461 636 1
538 636 1
54 637 1
322 638 1
478 638 1
592 638 1
122 639 1
190 639 1
285 639 1
543 639 2
593 639 1
522 640 1
280 641 2
338 641 1
423 641 1
518 641 1
595 641 1
230 642 1
291 642 2
493 642 1
540 642 1
291 643 1
425 643 1
517 643 1
586 643 1
85 644 1
91 644 1
316 644 2
456 644 1
494 644 1
609 644 2
157 645 1
239 645 2
244 645 1
157 646 1
370 646 2
371 646 1
608 647 2
289 648 3
598 648 1
601 648 1
67 649 1
113 649 1
332 649 1
377 649 1
385 649 1
312 650 2
425 650 1
542 650 1
545 650 1
554 650 1
291 651 1
542 652 1
543 652 1
577 652 1
582 652 1
38 653 1
116 653 1
213 653 2
556 653 3
490 654 1
516 654 1
530 654 1
588 654 1
188 655 1
319 655 1
192 656 1
107 657 2
214 657 2
412 657 1
186 658 1
291 658 1
91 659 2
178 659 2
532 659 1
