124 1 2
490 1 1
112 2 2
421 2 1
435 2 2
48 3 1
290 3 1
359 3 1
424 3 2
4 4 1
113 4 1
128 4 1
172 4 1
227 4 1
5 5 1
25 5 2
240 5 1
297 5 1
325 5 3
307 6 14
152 7 2
179 7 3
285 7 1
58 8 1
270 8 2
16 9 1
69 9 1
165 9 2
10 10 1
11 10 1
56 11 1
94 11 1
135 11 1
143 11 1
148 11 1
212 11 1
330 11 1
375 11 1
414 11 2
69 12 1
327 12 1
189 13 1
406 13 1
25 14 1
172 15 1
310 16 1
361 17 1
184 18 1
250 18 2
263 18 1
289 18 1
194 19 1
262 19 1
526 19 1
9 20 1
29 20 1
219 20 1
21 21 1
95 21 3
292 21 3
65 22 1
190 22 1
325 22 14
327 22 2
12 23 1
30 23 1
69 23 1
77 23 10
189 23 2
325 23 9
518 23 1
287 24 1
3 25 2
20 26 2
26 26 1
266 26 1
402 26 2
100 27 1
490 27 1
29 28 1
62 28 1
151 28 1
197 28 1
304 28 1
431 28 1
522 28 1
75 29 1
189 29 1
58 30 1
436 30 2
440 30 2
59 31 1
66 31 2
88 31 1
90 31 1
116 31 1
131 31 1
169 31 1
178 31 1
323 31 1
387 31 1
15 32 1
34 32 5
44 32 1
82 32 1
84 32 1
316 32 2
345 32 1
9 33 2
153 33 1
273 33 1
190 34 1
174 35 1
115 36 1
277 36 1
387 36 2
100 37 2
234 37 2
263 37 1
294 37 2
362 37 2
382 37 1
268 38 1
42 39 2
104 39 1
214 39 1
70 40 2
155 40 1
207 40 1
146 41 1
306 41 3
100 42 1
84 43 1
234 44 1
405 45 1
178 46 1
66 47 1
115 47 1
153 47 2
159 47 1
51 48 2
65 48 1
179 48 1
247 48 2
179 49 1
185 49 2
187 49 1
204 49 1
223 50 1
3 51 4
19 51 4
146 51 8
325 51 1
14 52 1
66 53 1
247 54 1
23 55 1
327 55 3
103 56 2
161 56 1
280 56 1
285 56 3
305 56 1
165 57 2
11 58 1
22 58 2
207 58 1
240 58 1
346 58 1
412 58 2
198 59 3
246 59 1
267 59 1
270 59 1
318 59 1
421 59 1
431 59 1
459 59 3
22 60 1
310 60 3
54 61 1
60 61 1
74 61 2
135 61 1
273 61 2
207 62 2
261 62 3
494 62 1
516 62 1
103 63 2
211 63 5
260 63 2
263 63 2
306 63 1
10 64 1
17 64 1
25 64 1
78 64 3
88 64 1
142 64 1
240 64 1
146 65 2
294 65 2
34 66 1
64 66 1
289 66 1
409 66 5
513 66 1
185 67 1
321 67 2
417 67 1
10 68 5
66 68 2
103 68 2
187 68 1
253 68 3
62 69 1
153 69 1
215 69 3
424 69 1
135 70 1
34 71 1
49 71 1
153 71 1
340 71 1
34 72 1
151 72 5
262 72 1
288 72 1
362 72 1
409 72 1
249 73 1
251 73 2
391 73 1
49 74 1
133 74 1
167 74 3
367 74 2
493 74 1
109 75 1
164 75 2
259 75 1
266 75 3
119 76 1
130 76 2
183 76 2
263 76 1
81 77 1
142 77 1
263 77 2
384 77 1
246 78 1
82 79 1
123 79 1
337 79 1
93 80 2
66 81 3
142 81 8
287 81 2
298 81 1
313 81 1
421 81 1
250 82 2
28 83 1
372 83 1
374 83 1
246 84 1
514 84 2
142 85 3
146 85 1
527 85 3
138 86 1
76 87 2
19 88 1
78 89 1
108 89 2
310 89 1
213 90 1
269 90 1
306 91 1
530 91 2
162 92 4
247 92 1
297 92 2
313 92 1
318 93 1
369 93 1
21 94 1
56 94 2
72 94 1
146 94 1
279 94 1
399 94 2
492 95 1
48 96 3
327 96 1
345 96 1
4 97 2
183 97 3
89 98 1
513 98 1
132 99 1
218 99 2
257 99 1
421 99 1
242 100 1
8 101 3
219 101 9
336 101 3
343 101 2
407 101 2
13 102 1
26 102 2
59 102 4
94 102 5
245 102 1
34 103 1
51 103 1
394 103 3
60 104 1
81 104 1
106 104 2
525 104 1
67 105 1
304 105 1
39 106 1
282 106 1
285 106 1
382 106 1
434 107 1
439 107 1
39 108 1
119 108 1
263 109 1
177 110 1
315 111 1
17 112 1
41 112 1
120 112 1
286 112 1
287 112 1
303 112 2
467 112 1
69 113 1
179 114 1
270 114 1
229 115 1
260 115 2
514 115 1
179 116 1
387 116 1
293 117 1
376 117 1
31 118 1
146 118 1
526 118 1
148 119 1
6 120 1
123 120 5
142 120 1
250 120 1
427 120 1
486 120 1
117 121 1
142 121 1
257 121 1
525 121 1
11 122 2
133 122 1
249 122 1
316 122 1
160 123 1
172 123 1
174 123 3
413 123 1
421 123 4
464 123 1
475 123 1
229 124 1
303 124 2
421 124 1
443 124 1
508 124 1
515 124 1
273 125 1
59 126 1
245 126 1
32 127 1
145 127 1
172 127 1
92 128 1
175 128 1
279 128 1
312 128 1
11 129 1
25 129 1
92 129 1
110 129 1
199 130 1
26 131 4
295 131 1
329 131 1
360 131 2
489 131 1
421 132 1
326 133 1
76 134 2
133 135 5
217 135 3
259 135 1
7 136 2
17 136 1
258 136 1
327 136 1
350 136 2
44 137 2
60 137 4
66 137 1
135 137 1
194 137 2
170 138 1
191 138 1
221 138 1
120 139 4
146 139 2
175 140 1
315 140 1
85 141 3
212 141 1
140 142 2
254 142 1
38 143 1
47 143 1
78 143 1
142 143 9
284 143 2
301 143 3
113 144 1
135 144 2
179 144 1
263 144 1
204 145 1
520 145 1
59 146 1
61 146 1
179 146 3
212 146 1
289 146 1
321 146 2
134 147 1
147 147 1
165 147 1
179 147 1
259 147 1
407 147 1
148 148 1
154 148 3
176 148 2
180 148 1
304 148 5
401 148 1
260 149 2
85 150 4
133 150 1
150 150 3
290 150 2
331 150 1
43 151 1
523 151 1
34 152 1
157 152 1
182 152 1
234 152 1
362 152 1
45 153 1
153 153 1
174 153 1
252 154 1
263 154 1
344 155 1
360 155 1
369 155 1
500 155 1
156 156 1
263 156 1
360 156 2
363 156 1
5 157 1
153 157 1
159 157 1
160 158 1
466 158 1
112 159 1
440 159 1
257 160 1
526 160 2
263 161 1
401 161 2
22 162 3
146 162 1
276 162 2
322 162 1
237 163 1
76 164 1
128 164 1
158 164 5
179 164 2
270 164 2
397 164 1
428 164 1
40 165 2
73 165 2
152 165 1
179 165 1
185 165 1
383 165 1
106 166 1
421 166 2
514 166 1
116 167 1
127 167 1
128 167 1
169 167 4
216 167 1
166 168 1
250 169 1
263 169 2
514 169 1
24 170 1
145 170 1
164 170 1
204 170 2
314 171 1
101 172 1
164 172 4
216 172 1
218 172 1
309 172 2
311 172 1
121 173 1
408 173 2
407 174 2
178 175 1
183 175 2
203 175 3
284 175 1
186 176 2
204 177 1
233 178 1
291 178 1
321 178 1
140 179 2
142 179 2
164 179 1
178 179 2
235 179 3
237 179 1
263 179 2
289 179 1
319 179 3
518 179 1
107 180 1
198 180 1
133 181 2
331 181 1
462 181 4
24 182 1
73 182 1
147 182 1
344 182 1
371 182 2
153 183 1
164 183 1
188 183 1
288 183 3
9 184 1
289 184 2
212 185 1
300 185 1
421 185 1
57 186 1
146 186 1
263 186 2
290 186 2
183 187 1
212 187 1
471 187 1
14 188 1
94 188 1
124 188 1
87 189 3
142 189 1
341 189 1
393 189 1
34 190 1
285 190 1
4 191 1
127 191 1
178 191 1
230 191 1
421 191 6
73 192 2
173 192 1
339 192 2
404 192 2
96 193 1
148 193 5
211 193 2
27 194 1
155 195 1
317 195 2
19 196 2
142 196 1
28 197 2
107 197 1
129 197 1
165 197 1
179 198 1
214 198 2
293 198 2
59 199 3
63 199 1
83 200 1
126 200 1
162 200 2
189 200 1
218 200 1
302 200 1
34 201 2
238 201 1
20 202 2
57 202 1
399 202 1
174 203 2
279 203 1
308 203 1
60 204 2
209 204 2
171 205 1
204 205 1
396 205 1
90 206 1
109 206 1
196 206 1
210 206 1
212 206 1
407 206 1
443 206 1
474 206 1
495 206 2
118 207 1
133 207 1
150 207 3
79 208 1
191 208 1
198 208 2
204 208 1
212 208 1
227 208 1
238 208 1
263 208 1
306 208 1
208 209 2
53 210 1
214 210 1
245 210 1
249 210 2
8 211 2
120 212 1
206 212 2
386 212 1
467 212 6
514 212 6
375 213 1
172 214 1
218 214 1
286 214 1
303 214 1
525 214 1
82 215 1
205 215 2
219 215 2
223 215 1
258 215 1
260 215 2
285 215 1
294 215 1
319 215 1
513 215 2
13 216 1
140 216 2
146 216 1
16 217 1
21 217 1
134 217 1
274 217 1
360 217 1
513 217 1
93 218 1
159 219 1
200 219 1
341 219 2
226 220 1
139 221 1
196 221 2
227 221 3
426 221 1
452 221 1
466 221 1
471 221 1
497 221 2
506 221 1
165 222 1
432 222 1
60 223 2
93 223 1
204 223 2
266 223 1
285 223 2
318 223 2
514 223 2
164 224 1
518 225 2
183 226 3
212 226 1
231 226 6
270 226 1
318 226 1
514 226 7
51 227 1
179 227 1
232 227 1
462 227 1
76 228 1
286 228 5
408 228 1
470 228 1
282 229 1
51 230 1
266 231 1
397 231 1
133 232 1
140 232 3
142 232 1
202 232 2
214 233 1
25 234 1
155 234 1
165 235 1
459 235 1
150 236 3
238 236 1
282 236 1
407 236 3
42 237 1
10 238 1
20 238 4
88 238 1
112 238 1
119 238 1
142 238 1
146 238 1
195 238 1
275 238 1
278 238 1
280 238 1
299 238 2
345 238 1
423 238 1
78 239 1
142 239 1
340 239 1
53 240 1
244 240 1
259 240 1
396 241 1
243 242 3
458 242 1
204 243 1
212 243 1
403 243 1
341 244 2
132 245 1
205 245 1
229 245 1
279 245 1
405 245 2
480 245 1
53 246 1
60 246 2
93 246 1
296 246 1
402 246 1
409 246 6
513 246 1
96 247 1
108 248 1
148 248 1
92 249 1
84 250 1
96 250 1
245 250 1
11 251 1
192 251 1
165 252 4
189 252 1
208 252 1
253 252 2
276 252 1
322 252 1
127 253 1
140 253 1
208 253 1
78 254 1
120 254 1
121 254 1
133 254 1
164 254 1
439 254 1
102 255 2
164 255 1
205 255 2
518 255 2
526 255 1
258 256 2
215 257 1
7 258 3
260 258 3
270 258 1
526 259 2
46 260 1
266 260 1
252 261 1
25 262 1
60 263 2
155 263 2
164 263 4
185 263 1
193 263 1
201 263 1
263 263 2
411 263 2
526 263 1
527 263 3
333 264 2
121 265 1
230 265 2
266 265 1
320 265 1
467 265 1
178 266 2
132 267 1
421 267 1
15 268 1
48 268 1
63 268 1
104 268 3
224 268 1
269 268 1
349 268 1
373 268 5
442 269 2
145 270 1
176 271 2
112 272 1
141 272 3
191 272 1
196 272 1
227 272 1
310 272 1
323 272 1
475 272 2
192 273 1
199 273 1
397 274 1
66 275 1
260 276 1
146 277 1
165 277 1
189 277 1
245 277 1
276 277 1
200 278 1
14 279 1
50 279 1
71 279 1
97 279 1
315 279 1
360 279 1
383 279 2
278 280 1
38 281 1
142 281 2
315 281 1
38 282 1
474 282 1
261 283 1
53 284 1
55 284 1
154 284 1
219 284 2
282 284 1
326 285 4
260 286 1
85 287 2
204 287 4
227 287 1
285 287 1
53 288 1
218 288 1
320 288 2
287 289 1
438 289 1
18 290 1
65 290 2
146 290 1
396 290 5
256 291 1
298 291 1
455 291 1
497 291 1
55 292 2
62 292 2
194 292 1
292 292 2
341 292 2
294 293 1
349 294 1
370 294 1
60 295 3
300 295 2
421 295 1
467 295 1
17 296 1
103 296 2
230 297 1
300 297 1
384 297 3
308 298 1
302 299 1
392 300 1
28 301 2
154 301 1
261 301 1
306 301 1
6 302 7
153 302 1
440 302 1
32 303 1
132 303 1
257 303 1
286 303 2
310 303 3
525 303 1
140 304 1
220 304 4
235 304 1
140 305 1
164 305 1
220 305 6
397 305 1
175 306 1
257 306 4
42 307 3
55 307 1
219 307 2
225 307 1
294 307 1
316 307 2
13 308 1
58 308 1
119 308 1
230 308 4
257 308 1
270 308 1
315 308 3
91 309 1
133 309 1
154 309 3
207 309 1
293 309 1
28 310 1
263 310 1
121 311 1
127 311 1
222 311 1
407 311 1
247 312 1
261 312 1
336 312 3
204 313 1
219 313 2
316 313 1
414 313 1
266 314 1
428 314 1
121 315 2
196 315 1
227 315 1
318 315 1
36 316 1
273 316 1
154 317 1
257 318 1
266 318 3
286 318 8
121 319 1
3 320 1
184 320 2
327 320 2
283 321 2
326 321 2
412 321 1
3 322 1
11 322 1
13 322 1
23 322 1
44 322 1
62 322 1
327 322 1
271 323 1
293 323 1
301 323 1
496 323 1
2 324 2
111 324 1
192 324 1
179 325 1
263 325 1
267 325 2
21 326 1
77 326 2
145 326 1
165 326 1
238 326 1
146 327 1
148 327 2
292 327 1
418 327 2
239 328 1
114 329 1
440 329 1
156 330 1
332 330 1
357 330 1
406 330 1
105 331 5
263 331 1
360 331 1
14 332 1
381 332 1
178 333 1
306 333 1
360 333 1
369 333 1
3 334 1
356 334 1
156 335 1
336 335 1
415 335 1
29 336 1
34 336 1
103 336 1
332 336 1
338 336 1
487 336 1
34 337 2
152 337 1
154 337 4
270 337 2
103 338 1
187 339 1
202 340 1
264 340 1
340 340 2
18 341 1
153 341 1
154 341 1
198 341 1
281 341 1
292 341 1
68 342 1
354 342 1
359 342 1
360 342 2
68 343 1
167 343 1
306 343 1
30 344 1
245 344 1
263 344 1
405 345 2
34 346 1
332 346 1
342 346 1
356 346 2
362 346 1
50 347 1
251 347 1
348 347 2
156 348 1
156 349 2
176 349 1
211 349 1
383 349 2
433 349 1
199 350 2
368 350 1
34 351 1
328 351 1
351 352 1
375 352 2
374 353 1
279 354 3
388 354 2
398 354 1
385 355 2
238 356 1
306 356 1
370 356 1
28 357 1
34 357 1
250 357 1
327 357 1
349 357 1
360 357 2
353 358 3
354 358 1
360 358 4
39 359 1
415 359 1
265 360 1
380 360 1
68 361 1
219 361 1
282 361 1
332 361 1
344 361 1
369 361 1
415 361 1
494 361 1
342 362 1
355 362 1
358 362 1
306 363 1
348 363 1
376 363 2
380 363 1
502 363 1
15 364 1
57 364 1
59 364 4
245 364 1
306 364 2
503 364 1
357 365 1
365 365 1
366 365 1
24 366 1
29 367 1
34 367 1
35 367 2
152 367 1
197 367 1
229 367 1
354 367 1
80 368 1
154 369 1
360 369 2
363 369 1
395 369 1
513 369 1
223 370 2
360 370 5
365 370 1
368 370 2
370 370 1
372 370 1
55 371 4
91 371 1
365 371 3
503 371 2
55 372 2
369 373 1
201 374 1
350 374 1
364 374 1
366 374 2
369 374 1
523 374 1
55 375 2
306 375 1
352 375 1
363 375 3
368 375 1
369 375 3
34 376 1
74 376 1
143 376 1
223 376 1
334 376 1
363 376 4
371 376 1
149 377 1
415 377 3
351 378 1
360 378 1
365 378 1
502 378 2
369 379 1
363 380 1
394 380 1
405 380 1
42 381 1
148 381 1
263 381 1
304 381 1
354 381 2
372 381 2
306 382 2
405 382 1
371 383 5
493 383 1
198 384 1
415 384 1
8 385 1
34 385 2
327 385 1
375 385 1
404 385 2
178 386 1
369 386 1
389 386 2
490 386 1
502 386 1
29 387 6
34 387 1
347 387 1
366 387 1
369 387 1
398 387 2
90 388 2
142 388 1
378 388 3
257 389 1
413 389 1
436 389 1
440 389 1
447 389 1
475 389 3
304 390 1
433 390 1
150 391 1
522 391 1
358 392 1
379 392 3
487 392 1
80 393 1
82 393 1
344 393 3
367 393 1
156 394 1
394 394 1
88 395 1
142 395 1
240 395 1
250 395 1
273 395 1
384 395 1
186 396 1
219 397 2
387 398 2
407 398 1
332 399 1
360 400 4
410 401 1
56 402 1
14 403 1
248 403 1
195 404 1
28 405 1
294 405 1
306 405 1
34 406 1
35 406 1
197 406 1
304 406 1
394 406 1
248 407 1
499 407 2
90 408 5
396 408 1
400 408 4
29 409 1
152 409 2
157 409 1
223 409 2
335 409 1
369 409 1
374 409 1
377 409 1
420 409 1
163 410 1
255 411 1
11 412 1
91 413 1
152 414 2
263 414 1
379 414 1
390 414 1
49 415 2
99 415 1
244 415 1
261 415 1
157 416 1
197 416 1
354 416 1
404 416 1
355 417 1
356 417 1
369 417 1
194 418 2
306 418 2
341 418 2
349 418 1
392 418 1
502 418 1
503 418 3
523 418 1
447 419 1
218 420 1
354 421 1
7 422 2
165 422 1
270 422 2
407 422 2
371 423 1
119 424 1
447 424 2
476 424 2
174 425 1
202 425 1
322 425 2
408 425 1
460 425 6
67 426 1
323 427 1
59 428 1
69 428 1
77 428 2
189 428 1
226 428 1
322 428 1
435 428 1
110 429 1
129 429 3
257 429 1
418 429 1
518 429 1
369 430 1
96 431 1
197 431 1
360 431 2
501 431 1
105 432 2
523 432 3
167 433 2
240 434 1
126 435 1
153 435 1
286 435 1
353 436 2
105 437 1
166 438 1
168 438 3
196 438 1
266 438 1
294 438 2
300 438 2
474 438 1
86 439 1
1 440 1
74 440 1
119 440 1
216 440 2
429 440 1
83 441 2
136 441 1
138 441 1
310 441 1
408 441 1
43 442 1
165 442 1
412 442 1
424 442 2
119 443 1
137 443 2
169 443 1
426 443 1
441 443 1
387 444 1
427 444 1
474 444 3
505 444 2
515 444 4
525 444 1
164 445 1
428 445 2
445 445 1
512 445 1
422 446 1
524 446 1
147 447 1
508 447 1
246 448 1
293 448 2
459 448 1
58 449 1
78 449 1
216 449 2
228 449 2
235 449 1
411 449 1
422 449 2
518 449 1
196 450 1
270 450 2
284 450 1
459 450 2
146 451 1
148 451 1
219 451 1
246 451 4
277 452 1
421 452 1
436 453 2
475 453 1
119 454 1
266 454 1
397 454 1
437 454 4
468 454 2
525 454 1
67 455 5
112 455 1
318 455 1
465 455 2
71 456 1
109 456 1
479 456 1
175 457 1
293 458 1
458 458 1
459 458 1
175 459 1
442 460 1
168 461 1
450 461 3
437 462 2
454 462 1
488 462 1
489 462 1
109 463 1
266 463 1
421 463 1
132 464 1
482 464 4
525 464 1
529 464 1
515 465 1
266 466 2
59 467 1
164 467 2
79 468 2
183 468 1
245 468 3
270 468 2
431 468 1
449 468 3
164 469 1
320 469 2
31 470 1
169 470 1
286 470 1
443 470 1
461 470 1
451 471 1
519 471 1
148 472 1
513 472 1
452 473 2
421 474 1
477 474 2
441 475 1
444 475 2
437 476 1
456 476 1
498 477 1
446 478 1
448 478 1
457 478 1
472 478 2
127 479 1
151 480 1
452 480 1
489 480 1
507 480 1
78 481 2
229 481 1
441 481 1
489 481 1
162 482 1
479 482 1
66 483 1
220 484 2
408 484 5
441 484 1
103 485 2
133 485 1
285 485 2
459 485 1
123 486 1
216 487 1
227 487 1
465 488 2
121 489 1
125 489 1
170 489 4
266 489 2
445 489 1
457 489 2
266 490 2
272 490 1
320 490 1
467 490 2
510 490 3
210 491 1
486 491 1
169 492 1
310 492 1
486 492 2
60 493 1
453 494 1
519 494 1
426 495 1
439 495 2
441 495 3
175 496 1
272 496 1
287 496 3
411 496 1
518 496 1
439 497 2
122 498 1
125 498 1
421 498 2
521 498 2
78 499 1
144 499 2
169 499 1
179 499 1
308 499 2
476 499 1
175 500 1
241 500 1
174 501 3
175 501 1
256 501 1
164 502 2
407 502 1
469 503 3
519 504 1
37 505 1
325 505 1
425 505 1
478 506 1
525 506 1
79 507 2
109 507 1
135 507 1
179 507 5
418 507 1
514 507 1
127 508 1
496 509 1
387 510 1
481 510 1
98 511 1
250 511 1
298 511 1
525 511 2
482 512 1
112 513 1
119 513 4
121 513 4
172 513 1
464 513 1
483 513 1
284 514 1
463 515 2
471 515 1
437 516 1
475 517 2
475 518 1
489 519 3
318 520 1
438 520 1
457 521 1
466 521 1
34 522 1
504 522 1
476 523 1
486 524 1
489 524 1
505 524 1
516 524 1
520 524 1
528 524 1
9 525 1
34 525 2
414 525 1
216 526 1
245 527 1
251 527 1
424 527 1
34 528 1
279 528 1
181 529 2
212 529 1
458 529 1
105 530 1
248 530 1
399 531 1
489 532 1
66 533 1
285 533 1
126 534 1
495 535 1
466 536 1
508 536 1
106 537 1
266 537 1
316 537 1
421 537 2
422 538 1
428 538 1
450 538 1
498 538 2
424 539 1
62 540 1
315 540 2
148 541 2
215 541 1
29 542 1
156 542 3
406 542 1
263 543 1
34 544 1
207 544 1
349 544 1
420 544 1
53 545 1
105 545 1
223 545 1
355 545 1
372 545 1
502 545 2
504 545 1
83 546 1
121 546 1
131 546 2
310 546 1
486 546 3
491 546 1
516 546 8
306 547 1
390 547 1
486 548 1
515 548 1
52 549 1
183 549 1
320 549 1
421 549 1
15 550 1
117 550 1
221 550 1
413 550 1
430 550 1
432 550 1
445 550 3
528 550 1
509 551 1
272 552 1
510 552 1
525 552 1
484 553 1
489 553 1
83 554 1
266 554 3
179 555 2
85 556 1
98 556 2
142 556 4
231 556 7
486 557 1
387 558 2
270 559 1
172 560 1
324 560 1
450 560 3
466 560 2
310 561 1
421 561 1
515 561 1
196 562 2
497 562 1
515 562 1
460 563 1
473 563 1
236 564 1
287 564 1
419 564 1
515 564 1
518 564 1
204 565 1
33 566 1
221 566 1
413 566 1
517 566 1
115 567 1
266 568 3
521 568 4
490 569 2
503 569 1
43 570 1
341 570 1
345 570 1
416 570 1
421 571 2
294 572 2
485 573 1
496 573 1
466 574 1
485 574 1
189 575 1
66 576 1
387 576 1
387 577 2
520 577 1
241 578 2
181 579 1
461 579 1
74 580 3
98 580 3
527 580 2
354 581 1
458 582 1
528 582 1
121 583 1
437 583 1
32 584 2
511 584 1
120 585 2
187 586 3
462 587 1
158 588 1
266 588 1
