1 1 18
149 1 1
150 1 2
166 1 1
430 1 2
2 2 1
123 2 1
372 2 8
478 2 1
610 2 1
682 2 1
688 2 4
20 3 1
32 3 7
54 3 2
92 3 18
150 3 14
236 3 1
243 3 6
269 3 22
274 3 2
308 3 1
344 3 14
418 3 3
532 3 1
647 3 4
14 4 1
55 4 1
416 4 1
651 4 1
5 5 2
122 5 1
140 5 1
146 5 1
212 5 25
226 5 3
233 5 2
245 5 8
257 5 2
276 5 7
326 5 1
388 5 3
614 5 1
646 5 1
675 5 2
698 5 6
707 5 3
6 6 1
14 6 11
28 6 1
29 6 6
61 6 1
95 6 1
96 6 2
139 6 1
147 6 1
149 6 1
150 6 10
165 6 2
340 6 2
372 6 3
427 6 2
576 6 1
613 6 1
7 7 2
7 8 4
25 8 2
45 8 1
180 8 2
274 8 15
385 8 2
9 9 1
25 9 1
50 9 3
52 9 1
67 9 2
91 9 2
92 9 1
99 9 2
150 9 9
192 9 1
215 9 1
219 9 3
258 9 2
274 9 1
278 9 1
299 9 1
340 9 4
386 9 6
445 9 1
25 10 1
77 10 1
97 10 1
150 10 1
222 10 1
258 10 12
405 10 1
11 11 1
75 11 1
271 11 5
410 11 6
422 11 1
428 11 2
444 11 1
507 11 1
684 11 1
12 12 1
14 12 1
34 12 1
56 12 9
100 12 1
147 12 3
197 12 2
219 12 1
258 12 14
290 12 1
309 12 2
351 12 1
427 12 1
43 13 3
54 13 3
194 13 1
200 13 11
232 13 1
296 13 1
556 13 9
710 13 1
11 14 1
12 14 1
14 14 3
16 14 1
19 14 2
20 14 1
22 14 1
24 14 1
26 14 3
27 14 1
45 14 1
55 14 1
62 14 1
64 14 2
86 14 1
88 14 1
90 14 1
92 14 2
132 14 2
150 14 2
165 14 1
166 14 1
193 14 2
225 14 1
236 14 4
244 14 2
264 14 1
280 14 5
294 14 1
299 14 1
303 14 6
334 14 1
351 14 2
386 14 1
394 14 3
400 14 1
417 14 2
450 14 1
487 14 1
507 14 1
508 14 2
509 14 1
544 14 1
581 14 1
597 14 1
622 14 1
647 14 3
671 14 2
700 14 1
14 15 3
16 15 16
40 15 1
59 15 1
78 15 1
130 15 2
153 15 20
180 15 3
183 15 1
274 15 2
281 15 2
293 15 3
297 15 1
324 15 1
404 15 1
409 15 1
422 15 1
529 15 1
543 15 1
14 16 1
76 16 1
178 16 1
183 16 1
225 16 1
274 16 1
363 16 1
537 16 1
11 17 1
16 17 1
99 17 6
101 17 11
116 17 1
185 17 1
228 17 1
243 17 1
424 17 3
451 17 3
532 17 1
537 17 1
14 18 1
17 18 1
132 18 1
144 18 6
150 18 5
175 18 1
182 18 1
194 18 5
200 18 1
255 18 4
274 18 1
340 18 14
351 18 1
353 18 3
394 18 7
453 18 3
483 18 1
506 18 1
517 18 1
520 18 2
643 18 1
716 18 1
294 19 1
592 19 1
20 20 1
21 20 2
183 20 1
237 20 1
245 20 1
271 20 3
282 20 2
298 20 1
323 20 1
362 20 1
544 20 7
684 20 4
34 21 1
128 21 1
338 21 1
600 21 2
11 22 2
53 22 1
64 22 5
80 22 1
106 22 3
186 22 4
307 22 2
323 22 1
351 22 1
360 22 2
362 22 3
390 22 1
415 22 1
422 22 1
455 22 1
509 22 2
526 22 1
650 22 2
651 22 1
3 23 1
40 23 20
94 23 1
107 23 2
128 23 1
149 23 1
234 23 1
243 23 13
368 23 1
642 23 1
14 24 3
20 24 1
24 24 1
33 24 1
49 24 1
55 24 1
63 24 1
88 24 1
97 24 6
107 24 1
150 24 6
180 24 13
206 24 2
244 24 1
253 24 2
274 24 14
281 24 1
308 24 1
323 24 1
333 24 3
340 24 1
430 24 8
448 24 1
500 24 3
626 24 2
693 24 1
1 25 1
4 25 1
26 25 1
31 25 3
38 25 1
44 25 1
68 25 1
71 25 1
116 25 1
128 25 2
194 25 1
321 25 2
427 25 2
515 25 1
106 26 4
128 26 1
147 26 1
217 26 1
508 26 1
4 27 1
40 27 1
67 27 1
132 27 1
150 27 27
163 27 1
194 27 1
207 27 1
211 27 1
233 27 1
280 27 2
283 27 10
287 27 5
299 27 22
340 27 16
351 27 3
392 27 1
394 27 2
400 27 1
406 27 1
514 27 1
614 27 8
1 28 2
4 28 2
14 28 4
16 28 4
28 28 6
45 28 1
50 28 2
74 28 3
78 28 1
83 28 2
92 28 4
104 28 3
105 28 3
128 28 1
180 28 4
265 28 2
274 28 1
298 28 2
342 28 2
503 28 24
538 28 1
684 28 1
29 29 4
149 29 1
160 29 1
165 29 1
210 29 2
249 29 1
284 29 1
326 29 2
570 29 1
31 30 1
104 30 1
198 30 1
225 30 1
269 30 11
290 30 1
340 30 3
351 30 3
435 30 3
1 31 1
351 31 1
430 31 6
502 31 1
32 32 1
33 32 5
44 32 1
55 32 1
92 32 7
104 32 1
112 32 1
166 32 1
169 32 8
171 32 1
191 32 1
310 32 2
376 32 6
392 32 1
403 32 1
445 32 2
494 32 2
524 32 18
97 33 1
193 33 1
258 33 1
269 33 1
374 33 1
411 33 1
448 33 1
290 34 1
324 34 1
341 34 1
35 35 6
271 35 1
276 35 3
286 35 1
379 35 1
478 35 1
543 35 1
560 35 2
578 35 1
632 35 1
36 36 1
139 36 1
152 36 1
284 36 1
531 36 1
545 36 1
569 36 1
570 36 1
580 36 1
589 36 1
620 36 1
693 36 2
697 36 1
37 37 1
372 37 5
582 37 3
652 37 2
4 38 1
15 38 1
33 38 2
38 38 1
92 38 1
193 38 2
321 38 3
425 38 1
475 38 1
484 38 2
502 38 1
626 38 5
644 38 1
651 38 1
206 39 1
654 39 3
9 40 14
25 40 5
26 40 9
30 40 21
31 40 2
38 40 1
41 40 7
44 40 4
50 40 2
52 40 1
86 40 1
90 40 9
93 40 9
96 40 1
98 40 1
104 40 4
131 40 1
150 40 24
169 40 1
193 40 1
197 40 6
219 40 1
227 40 1
233 40 4
236 40 1
242 40 1
243 40 4
252 40 1
257 40 5
282 40 9
294 40 1
303 40 5
304 40 1
308 40 2
319 40 1
331 40 2
340 40 8
344 40 9
351 40 4
374 40 11
376 40 10
395 40 1
397 40 1
444 40 6
454 40 8
461 40 1
464 40 20
498 40 1
502 40 1
507 40 9
536 40 7
542 40 1
543 40 8
597 40 3
637 40 1
647 40 1
669 40 1
699 40 1
706 40 1
709 40 1
714 40 1
40 41 3
137 41 1
670 41 1
178 42 1
295 42 5
370 42 1
371 42 1
644 42 1
14 43 13
45 43 7
55 43 1
86 43 1
96 43 2
161 43 6
165 43 5
180 43 1
182 43 1
194 43 5
210 43 1
223 43 1
278 43 9
280 43 1
285 43 1
286 43 4
287 43 1
321 43 1
324 43 11
406 43 1
491 43 1
564 43 1
708 43 1
2 44 11
14 44 6
20 44 1
25 44 6
45 44 2
54 44 8
56 44 1
58 44 1
77 44 1
110 44 1
172 44 1
175 44 1
181 44 8
194 44 1
212 44 3
258 44 1
271 44 4
293 44 1
294 44 1
323 44 1
330 44 1
400 44 2
407 44 1
428 44 1
431 44 1
540 44 4
683 44 1
691 44 2
702 44 1
709 44 17
9 45 1
33 45 1
84 45 1
104 45 2
187 45 2
386 45 1
412 45 1
418 45 1
423 45 2
444 45 1
445 45 2
453 45 4
488 45 9
668 45 2
8 46 1
34 46 1
45 46 19
245 46 1
372 46 1
381 46 1
382 46 1
589 46 1
638 46 1
648 46 1
8 47 3
20 47 3
22 47 1
46 47 1
143 47 1
150 47 17
169 47 3
242 47 2
265 47 1
268 47 1
282 47 2
297 47 1
306 47 2
308 47 1
312 47 3
315 47 1
340 47 15
351 47 9
394 47 1
401 47 1
418 47 2
442 47 2
474 47 1
492 47 1
574 47 1
14 48 18
36 48 1
37 48 1
42 48 1
53 48 2
147 48 1
180 48 8
206 48 1
274 48 2
287 48 1
315 48 12
323 48 1
378 48 1
519 48 1
526 48 1
551 48 1
575 48 1
610 48 1
620 48 1
662 48 4
672 48 1
679 48 1
685 48 1
708 48 3
712 48 19
713 48 4
721 48 8
31 49 1
40 49 3
227 49 3
252 49 1
291 49 2
409 49 6
444 49 1
464 49 8
484 49 1
558 49 1
669 49 2
699 49 1
71 50 1
86 50 4
185 50 1
291 50 1
322 50 1
323 50 1
651 50 2
40 51 1
100 51 1
134 51 1
194 51 1
303 51 1
611 51 1
629 51 1
662 51 2
707 51 1
1 52 1
150 52 1
166 52 1
196 52 8
197 52 1
303 52 4
320 52 1
671 52 1
674 52 5
20 53 1
23 53 5
25 53 1
31 53 1
32 53 3
33 53 16
43 53 2
50 53 5
52 53 7
55 53 1
93 53 29
97 53 1
104 53 6
122 53 1
124 53 2
147 53 3
148 53 13
150 53 29
193 53 11
195 53 1
196 53 3
202 53 1
228 53 5
242 53 1
244 53 1
263 53 4
269 53 11
279 53 2
283 53 1
303 53 3
304 53 4
308 53 32
313 53 6
320 53 1
322 53 10
331 53 4
333 53 1
340 53 8
351 53 2
372 53 1
376 53 25
387 53 2
402 53 6
409 53 10
424 53 1
454 53 1
474 53 5
483 53 6
493 53 3
515 53 1
531 53 1
534 53 1
545 53 1
575 53 6
597 53 1
616 53 2
629 53 8
647 53 3
654 53 6
699 53 1
707 53 1
26 54 1
80 54 1
141 54 1
180 54 1
307 54 1
315 54 1
498 54 1
546 54 1
720 54 1
25 55 13
62 55 1
150 55 1
282 55 1
363 55 2
385 55 1
417 55 1
424 55 8
427 55 4
430 55 2
477 55 1
534 55 2
545 55 4
556 55 1
558 55 1
684 55 3
71 56 1
78 56 1
86 56 1
150 56 16
291 56 3
336 56 1
376 56 5
409 56 10
418 56 2
435 56 2
444 56 1
470 56 1
496 56 5
499 56 1
524 56 1
542 56 1
650 56 2
654 56 2
667 56 1
55 57 1
169 57 2
422 57 1
202 58 1
274 58 15
279 59 1
2 60 2
4 60 1
6 60 6
14 60 7
19 60 1
43 60 1
45 60 1
47 60 1
78 60 1
90 60 2
101 60 1
113 60 2
147 60 1
167 60 3
180 60 1
194 60 1
200 60 15
206 60 1
217 60 1
232 60 1
253 60 1
264 60 1
268 60 1
273 60 12
274 60 9
290 60 1
294 60 9
371 60 1
380 60 2
502 60 9
509 60 1
517 60 1
539 60 2
540 60 3
594 60 1
608 60 2
647 60 3
650 60 2
658 60 15
698 60 1
711 60 4
91 61 1
323 61 1
401 61 3
418 61 1
626 61 1
11 62 1
14 62 9
18 62 1
40 62 8
41 62 1
43 62 2
45 62 2
50 62 3
55 62 1
62 62 2
66 62 1
101 62 1
127 62 3
148 62 1
194 62 16
207 62 2
266 62 1
289 62 1
323 62 1
350 62 1
402 62 2
422 62 1
496 62 1
545 62 2
565 62 1
691 62 1
14 63 1
17 63 1
20 63 14
22 63 2
38 63 2
40 63 11
41 63 1
60 63 1
71 63 4
101 63 1
150 63 1
197 63 3
207 63 1
209 63 3
271 63 1
316 63 1
340 63 1
351 63 2
376 63 2
454 63 1
532 63 3
4 64 3
14 64 2
20 64 3
25 64 1
34 64 3
43 64 1
44 64 1
69 64 2
114 64 3
160 64 1
180 64 1
240 64 1
266 64 2
274 64 8
278 64 1
332 64 1
385 64 1
410 64 1
417 64 1
427 64 2
507 64 6
524 64 2
694 64 3
80 65 1
101 65 1
186 65 1
274 65 1
331 65 1
372 65 3
392 65 1
430 65 1
508 65 1
543 65 1
613 65 1
52 66 1
68 66 1
324 66 2
515 66 1
647 66 2
1 67 2
4 67 7
14 67 37
16 67 1
17 67 11
20 67 36
22 67 21
35 67 2
44 67 1
45 67 2
49 67 2
53 67 14
56 67 2
66 67 9
68 67 9
88 67 3
89 67 1
103 67 4
110 67 1
117 67 2
121 67 4
124 67 1
129 67 2
138 67 1
143 67 1
145 67 3
150 67 8
160 67 7
169 67 2
172 67 1
175 67 1
180 67 1
190 67 1
191 67 1
195 67 6
206 67 4
207 67 4
209 67 1
216 67 1
217 67 1
225 67 8
243 67 2
245 67 1
250 67 1
257 67 15
265 67 1
274 67 22
285 67 1
290 67 1
291 67 1
303 67 1
322 67 8
328 67 8
331 67 1
340 67 10
342 67 1
349 67 25
351 67 6
379 67 2
380 67 6
385 67 2
402 67 2
404 67 1
405 67 1
453 67 1
454 67 1
455 67 1
462 67 1
466 67 1
473 67 1
475 67 1
481 67 1
487 67 4
500 67 3
508 67 1
513 67 5
558 67 3
563 67 17
570 67 6
575 67 3
581 67 4
600 67 1
626 67 1
674 67 1
675 67 1
684 67 10
712 67 1
219 68 22
225 68 1
340 68 1
554 68 1
636 68 1
647 68 1
4 69 1
11 69 2
15 69 1
25 69 1
26 69 1
30 69 1
31 69 1
41 69 2
49 69 1
55 69 1
56 69 1
61 69 1
75 69 7
78 69 1
92 69 2
99 69 1
101 69 2
104 69 18
129 69 1
150 69 2
180 69 13
194 69 20
196 69 3
197 69 18
234 69 1
252 69 2
272 69 1
303 69 3
309 69 10
336 69 1
428 69 2
430 69 9
431 69 1
433 69 2
439 69 1
451 69 1
461 69 2
463 69 21
499 69 1
515 69 1
669 69 1
673 69 1
699 69 1
14 70 1
29 70 1
60 70 1
97 70 2
141 70 4
157 70 1
179 70 5
235 70 2
242 70 1
255 70 3
273 70 1
275 70 3
278 70 2
293 70 1
302 70 2
392 70 4
492 70 1
502 70 1
556 70 3
575 70 1
578 70 4
584 70 1
585 70 1
595 70 1
596 70 1
607 70 1
614 70 1
628 70 3
632 70 3
666 70 5
677 70 1
701 70 2
7 71 9
25 71 1
70 71 1
209 71 1
241 71 2
258 71 2
303 71 1
331 71 1
350 71 2
402 71 1
427 71 13
513 71 3
532 71 2
628 71 1
14 72 5
28 72 2
45 72 7
74 72 4
105 72 6
324 72 4
400 72 1
526 72 5
14 73 1
15 73 1
24 73 1
25 73 1
75 73 2
185 73 1
186 73 1
197 73 2
236 73 1
250 73 1
286 73 1
360 73 1
362 73 1
427 73 16
443 73 1
453 73 1
530 73 6
592 73 1
665 73 2
4 74 1
101 74 1
251 74 1
340 74 1
459 74 1
532 74 1
77 75 1
88 75 5
235 75 1
260 75 1
303 75 4
390 75 15
654 75 1
4 76 1
20 76 1
78 76 1
96 76 1
338 76 1
385 76 1
18 77 1
40 77 3
100 77 1
163 77 1
273 77 1
340 77 2
515 77 1
689 77 1
707 77 1
53 78 1
60 78 1
62 78 1
139 78 2
224 78 2
241 78 1
340 78 1
487 78 1
498 78 2
530 78 8
557 78 5
686 78 3
53 79 1
62 79 4
88 79 1
100 79 1
104 79 1
136 79 2
150 79 2
188 79 1
351 79 2
385 79 1
418 79 1
436 79 1
513 79 1
163 80 1
190 80 2
209 80 2
250 80 1
459 80 1
674 80 2
392 81 1
32 82 1
44 82 15
101 82 4
104 82 2
150 82 9
193 82 14
195 82 4
228 82 3
233 82 1
269 82 2
308 82 6
340 82 8
351 82 1
376 82 4
416 82 1
430 82 2
444 82 1
446 82 6
448 82 1
454 82 24
466 82 2
475 82 1
500 82 1
524 82 10
547 82 1
3 83 1
20 83 7
28 83 1
32 83 1
74 83 2
99 83 4
100 83 1
101 83 3
116 83 1
127 83 1
150 83 1
311 83 1
324 83 4
340 83 6
351 83 2
481 83 1
613 83 1
147 84 1
249 84 1
307 84 3
338 85 4
407 85 1
607 85 1
88 86 1
209 86 1
279 86 2
332 86 1
496 86 1
584 86 1
34 87 2
53 87 2
196 87 1
532 87 1
547 87 1
44 88 18
148 88 1
150 88 1
188 88 1
228 88 9
401 88 1
1 89 1
32 89 2
39 89 1
40 89 1
43 89 1
49 89 2
53 89 2
71 89 2
75 89 1
81 89 1
84 89 4
104 89 1
116 89 1
120 89 1
150 89 10
156 89 1
160 89 8
206 89 1
207 89 1
209 89 7
225 89 1
236 89 1
244 89 2
265 89 1
274 89 1
285 89 1
295 89 5
297 89 1
313 89 2
331 89 2
351 89 9
365 89 12
374 89 1
376 89 1
402 89 1
414 89 1
430 89 1
462 89 1
475 89 12
521 89 1
535 89 9
569 89 6
584 89 3
644 89 1
651 89 3
669 89 3
509 90 1
542 90 1
29 91 2
94 91 1
110 91 1
125 91 2
146 91 1
159 91 2
211 91 5
238 91 2
314 91 1
379 91 1
487 91 1
561 91 2
572 91 1
14 92 2
22 92 12
45 92 1
93 92 1
129 92 1
295 92 1
323 92 1
400 92 1
451 92 1
526 92 1
530 92 1
597 92 16
655 92 1
709 92 3
96 93 4
121 93 4
147 93 1
149 93 1
154 93 1
160 93 1
161 93 1
163 93 3
165 93 21
173 93 3
177 93 3
179 93 6
210 93 1
212 93 1
220 93 1
274 93 1
339 93 21
370 93 1
382 93 3
417 93 13
462 93 1
487 93 1
559 93 8
581 93 1
591 93 1
611 93 18
614 93 1
4 94 3
9 94 1
10 94 1
101 94 7
127 94 2
141 94 1
143 94 2
226 94 2
268 94 1
288 94 1
392 94 1
418 94 3
554 94 1
556 94 1
575 94 1
578 94 1
592 94 3
622 94 1
1 95 1
4 95 1
14 95 3
19 95 2
31 95 1
33 95 1
35 95 1
41 95 1
43 95 3
44 95 3
45 95 1
53 95 2
54 95 1
65 95 1
72 95 4
91 95 1
98 95 1
112 95 1
150 95 13
151 95 1
152 95 1
169 95 17
190 95 1
193 95 11
194 95 11
206 95 17
209 95 6
226 95 1
233 95 1
250 95 2
282 95 5
293 95 1
297 95 1
306 95 2
308 95 11
318 95 1
340 95 4
368 95 1
376 95 1
389 95 1
418 95 1
423 95 16
424 95 4
445 95 9
452 95 16
454 95 3
469 95 1
479 95 2
494 95 1
500 95 1
501 95 1
512 95 2
514 95 1
564 95 3
617 95 1
651 95 1
669 95 1
674 95 2
33 96 1
44 96 6
69 96 1
150 96 17
192 96 2
195 96 6
228 96 1
260 96 14
269 96 2
281 96 1
340 96 8
418 96 9
434 96 3
445 96 1
448 96 1
454 96 2
455 96 4
473 96 2
501 96 1
514 96 1
684 96 30
100 97 2
264 97 1
1 98 2
31 98 13
82 98 2
84 98 2
150 98 30
166 98 2
169 98 1
170 98 1
195 98 1
262 98 1
278 98 1
303 98 1
309 98 1
320 98 3
340 98 9
351 98 2
368 98 1
418 98 1
425 98 6
451 98 12
454 98 1
463 98 10
473 98 1
476 98 1
493 98 1
501 98 1
532 98 3
640 98 2
216 99 1
290 99 2
317 99 1
554 99 1
613 99 1
639 99 8
648 99 1
705 99 3
713 99 1
14 100 2
42 100 1
64 100 1
149 100 1
194 100 1
208 100 1
379 100 1
532 100 1
572 100 2
17 101 1
22 101 2
32 101 1
40 101 1
49 101 3
61 101 1
66 101 1
92 101 1
104 101 2
120 101 13
145 101 5
243 101 1
252 101 6
309 101 1
310 101 4
344 101 2
367 101 1
426 101 5
428 101 1
445 101 2
450 101 1
453 101 4
494 101 1
507 101 1
516 101 5
531 101 1
532 101 1
647 101 2
699 101 1
14 102 9
133 102 1
150 102 1
241 102 1
282 102 1
340 102 6
394 102 5
554 102 12
677 102 1
37 103 7
173 103 3
189 103 2
204 103 1
225 103 1
315 103 4
396 103 1
558 103 1
647 103 3
650 103 1
45 104 2
383 104 1
639 104 2
693 104 1
102 105 1
108 105 3
160 105 1
180 105 1
208 105 1
294 105 1
340 105 1
614 105 1
25 106 1
40 106 17
41 106 13
48 106 1
50 106 2
52 106 5
53 106 1
61 106 3
71 106 1
88 106 5
90 106 2
92 106 2
116 106 5
129 106 1
141 106 1
150 106 12
166 106 1
171 106 2
209 106 1
219 106 1
225 106 1
243 106 1
255 106 2
263 106 3
265 106 4
273 106 1
294 106 1
303 106 3
308 106 4
318 106 1
340 106 1
376 106 3
389 106 1
390 106 3
422 106 10
427 106 16
448 106 1
497 106 1
508 106 1
554 106 2
557 106 1
563 106 1
586 106 4
628 106 3
661 106 1
684 106 1
102 107 1
110 107 3
273 107 1
290 107 1
237 108 1
271 108 1
278 108 1
295 108 1
377 108 2
427 108 1
498 108 2
544 108 1
20 109 4
28 109 3
43 109 1
44 109 6
69 109 2
150 109 8
178 109 2
195 109 3
226 109 1
228 109 5
269 109 1
282 109 8
332 109 2
340 109 14
351 109 3
410 109 1
416 109 1
419 109 2
429 109 1
440 109 1
446 109 1
448 109 1
453 109 1
455 109 1
460 109 1
474 109 1
481 109 21
485 109 1
510 109 1
674 109 1
6 110 1
9 110 6
20 110 5
43 110 7
45 110 1
72 110 1
150 110 1
165 110 18
173 110 5
186 110 1
187 110 4
194 110 1
202 110 4
206 110 9
243 110 1
248 110 1
258 110 1
274 110 1
290 110 2
295 110 1
324 110 2
360 110 5
362 110 2
380 110 1
392 110 1
398 110 2
413 110 3
418 110 2
431 110 1
473 110 5
507 110 2
594 110 2
650 110 2
671 110 1
678 110 2
4 111 1
14 111 6
174 111 1
260 111 1
282 111 1
559 111 1
628 111 2
675 111 1
4 112 1
14 112 4
39 112 1
41 112 1
61 112 1
104 112 1
109 112 1
123 112 1
169 112 1
180 112 2
194 112 1
197 112 2
206 112 1
219 112 1
227 112 1
243 112 1
295 112 4
308 112 1
321 112 1
427 112 1
428 112 1
469 112 1
472 112 1
498 112 1
532 112 6
689 112 2
699 112 2
14 113 2
25 113 4
30 113 1
101 113 5
120 113 20
150 113 1
184 113 1
195 113 1
209 113 1
241 113 5
252 113 1
258 113 4
265 113 1
291 113 1
295 113 9
308 113 2
322 113 6
351 113 1
377 113 2
453 113 1
498 113 4
533 113 6
576 113 3
600 113 1
684 113 2
1 114 1
4 114 1
7 114 1
14 114 7
45 114 1
101 114 1
107 114 1
111 114 1
128 114 3
175 114 1
182 114 1
187 114 1
224 114 1
246 114 1
274 114 1
308 114 2
315 114 1
323 114 5
377 114 4
432 114 1
478 114 1
538 114 2
544 114 1
551 114 1
556 114 4
558 114 2
565 114 3
576 114 1
644 114 1
720 114 1
14 115 9
33 115 6
71 115 11
98 115 13
101 115 1
148 115 1
150 115 6
171 115 1
188 115 1
257 115 1
297 115 9
303 115 3
310 115 1
318 115 1
365 115 4
410 115 1
424 115 1
436 115 1
444 115 1
451 115 2
466 115 1
473 115 1
515 115 1
532 115 32
591 115 1
647 115 2
650 115 1
669 115 1
4 116 9
26 116 2
54 116 1
132 116 4
150 116 1
207 116 1
244 116 1
246 116 1
384 116 1
29 117 5
96 117 5
118 117 3
179 117 1
240 117 1
268 117 7
378 117 12
477 117 3
601 117 1
622 117 1
646 117 2
678 117 17
5 118 2
91 118 1
148 118 6
209 118 4
257 118 5
303 118 1
4 119 1
41 119 7
43 119 4
49 119 1
50 119 2
52 119 1
53 119 13
73 119 1
90 119 13
96 119 1
118 119 1
120 119 3
147 119 10
150 119 7
166 119 4
188 119 1
194 119 1
195 119 2
236 119 4
252 119 1
258 119 1
295 119 8
304 119 2
308 119 1
325 119 1
351 119 2
385 119 5
401 119 6
414 119 1
427 119 7
446 119 3
455 119 2
486 119 1
532 119 1
599 119 1
669 119 1
15 120 5
33 120 3
48 120 19
50 120 1
53 120 17
56 120 3
71 120 2
73 120 1
101 120 1
104 120 1
150 120 19
179 120 1
180 120 3
220 120 1
272 120 1
274 120 17
282 120 9
297 120 24
299 120 1
301 120 1
303 120 1
308 120 5
313 120 1
320 120 1
333 120 4
340 120 12
372 120 1
453 120 1
454 120 1
498 120 1
557 120 4
622 120 3
647 120 1
699 120 1
45 121 1
125 121 1
139 121 7
314 121 1
347 121 1
545 121 1
561 121 1
14 122 7
20 122 1
43 122 5
48 122 1
60 122 11
90 122 3
113 122 1
115 122 1
118 122 1
177 122 1
178 122 1
258 122 1
278 122 2
309 122 3
371 122 1
392 122 1
415 122 5
452 122 1
537 122 5
550 122 2
553 122 1
558 122 1
579 122 1
586 122 7
594 122 1
611 122 1
10 123 1
44 123 2
55 123 1
59 123 24
82 123 3
90 123 2
131 123 2
150 123 6
151 123 1
265 123 1
282 123 12
303 123 2
340 123 1
351 123 1
353 123 2
414 123 2
416 123 4
417 123 2
418 123 2
445 123 3
448 123 1
452 123 32
453 123 1
454 123 25
455 123 1
459 123 2
474 123 7
522 123 1
535 123 1
684 123 7
65 124 1
70 125 1
226 125 1
243 125 6
429 125 1
444 125 1
451 125 1
470 125 10
483 125 1
494 125 1
499 125 3
534 125 1
618 125 1
654 125 1
671 125 1
673 125 1
36 126 2
37 126 3
43 126 1
118 126 1
142 126 1
149 126 1
151 126 7
159 126 6
163 126 19
173 126 1
185 126 1
202 126 1
203 126 1
204 126 1
205 126 2
208 126 2
211 126 4
214 126 2
223 126 1
224 126 1
273 126 1
277 126 9
315 126 2
361 126 1
378 126 1
380 126 1
487 126 1
504 126 1
518 126 19
526 126 1
545 126 1
575 126 1
583 126 1
587 126 10
610 126 1
613 126 1
618 126 1
662 126 4
675 126 1
690 126 3
717 126 18
112 127 2
150 127 1
282 127 1
414 127 2
4 128 1
14 128 3
38 128 2
40 128 1
150 128 1
207 128 1
243 128 1
252 128 2
308 128 11
313 128 1
351 128 2
387 128 4
404 128 2
499 128 1
500 128 1
4 129 4
7 129 4
14 129 11
33 129 1
41 129 22
53 129 1
65 129 2
72 129 1
93 129 1
131 129 4
133 129 1
150 129 32
163 129 1
169 129 2
193 129 18
195 129 25
196 129 1
207 129 1
209 129 1
211 129 1
258 129 1
286 129 1
306 129 2
308 129 1
316 129 1
330 129 1
340 129 8
351 129 2
354 129 1
363 129 1
372 129 10
386 129 14
388 129 1
423 129 1
424 129 2
497 129 1
557 129 3
600 129 2
646 129 1
647 129 1
684 129 2
723 129 1
149 130 4
163 130 4
212 130 1
256 130 1
531 130 1
646 130 1
703 130 1
43 131 1
94 131 1
149 131 2
150 131 2
160 131 1
165 131 6
208 131 3
245 131 1
274 131 1
277 131 2
285 131 1
287 131 1
290 131 1
295 131 2
357 131 2
359 131 1
383 131 1
561 131 2
678 131 1
59 132 3
173 132 1
174 132 1
258 132 7
300 132 1
327 132 1
585 132 3
11 133 1
30 133 4
38 133 1
56 133 1
59 133 1
92 133 9
104 133 18
120 133 1
131 133 9
150 133 2
195 133 26
196 133 13
207 133 1
243 133 2
244 133 1
308 133 11
340 133 1
376 133 8
395 133 1
402 133 1
416 133 1
454 133 3
494 133 1
507 133 1
515 133 1
532 133 1
573 133 2
647 133 2
684 133 3
4 134 1
14 134 4
16 134 1
20 134 1
165 134 1
180 134 1
194 134 1
274 134 1
340 134 1
361 134 1
397 134 4
427 134 1
503 134 1
615 134 1
698 134 3
707 134 1
396 135 4
399 135 2
587 135 3
134 136 1
637 136 2
4 137 3
14 137 8
260 137 3
386 137 1
49 138 4
72 138 2
143 138 1
233 138 1
282 138 3
578 138 3
602 138 2
622 138 1
628 138 1
721 138 1
65 139 1
104 139 1
265 139 1
274 139 1
717 139 1
69 140 1
121 140 1
122 140 1
152 140 1
205 140 1
215 140 1
239 140 1
299 140 1
323 140 1
387 140 1
392 140 1
574 140 1
591 140 2
145 141 2
184 141 1
207 141 1
263 141 1
387 141 1
121 142 1
139 142 1
146 142 2
149 142 1
151 142 3
163 142 17
205 142 1
264 142 27
523 142 3
537 142 1
618 142 3
639 142 6
645 142 1
708 142 1
153 143 3
352 143 1
478 143 1
689 143 1
188 144 1
320 144 1
719 144 1
34 145 1
77 145 18
86 145 1
94 145 1
114 145 14
149 145 2
151 145 2
160 145 7
165 145 2
315 145 1
363 145 13
380 145 1
381 145 1
383 145 1
487 145 1
499 145 1
546 145 1
579 145 1
580 145 1
594 145 2
597 145 7
620 145 4
651 145 4
4 146 1
31 146 2
41 146 3
44 146 1
48 146 3
54 146 2
66 146 1
71 146 1
92 146 1
105 146 1
125 146 1
127 146 1
150 146 1
173 146 1
180 146 2
184 146 1
188 146 1
193 146 2
255 146 1
279 146 1
282 146 1
293 146 1
308 146 9
312 146 1
338 146 1
368 146 2
394 146 1
416 146 1
417 146 3
422 146 13
463 146 1
532 146 5
47 147 5
94 147 2
139 147 1
151 147 1
315 147 2
335 147 1
564 147 2
604 147 1
616 147 1
209 148 5
242 148 1
306 148 1
37 149 23
43 149 3
139 149 1
151 149 1
153 149 2
154 149 4
163 149 1
211 149 1
275 149 1
280 149 1
314 149 8
478 149 3
549 149 1
553 149 1
574 149 1
612 149 1
619 149 2
645 149 2
662 149 1
672 149 1
725 149 1
14 150 1
154 150 1
314 150 1
556 150 1
570 150 2
579 150 1
604 150 2
605 150 1
614 150 1
656 150 1
681 150 1
14 151 1
16 151 2
64 151 1
71 151 1
74 151 1
101 151 1
139 151 2
146 151 2
151 151 7
172 151 4
189 151 1
401 151 1
427 151 2
500 151 6
507 151 3
613 151 2
647 151 1
671 151 1
685 151 1
29 152 1
134 152 1
180 152 1
213 152 1
233 152 2
249 152 1
255 152 1
265 152 1
274 152 10
278 152 1
287 152 1
312 152 1
360 152 1
380 152 1
504 152 1
588 152 2
593 152 1
607 152 1
612 152 1
154 153 1
157 153 1
181 153 1
235 153 1
286 153 1
561 153 2
25 154 1
31 154 1
62 154 3
85 154 1
194 154 1
215 154 1
235 154 1
382 154 1
448 154 10
499 154 1
651 154 7
134 155 2
151 155 6
167 155 6
173 155 1
210 155 1
253 155 17
254 155 9
330 155 4
337 155 1
367 155 1
370 155 1
503 155 1
543 155 3
545 155 1
587 155 1
614 155 1
616 155 3
618 155 1
653 155 1
683 155 1
698 155 2
712 155 2
146 156 1
160 156 1
491 156 1
681 156 2
14 157 1
315 157 1
396 157 1
168 158 1
235 158 1
279 158 4
308 158 1
557 158 1
55 159 1
151 159 2
168 159 4
179 159 1
181 159 1
211 159 1
212 159 3
213 159 1
539 159 1
543 159 1
642 159 1
646 159 1
679 159 2
100 160 1
315 160 15
478 160 2
525 160 1
553 160 1
609 160 1
149 161 1
165 161 1
238 161 1
241 161 1
284 161 4
335 161 1
4 162 1
167 163 1
531 163 1
580 163 1
687 163 1
691 163 1
43 164 1
100 164 1
168 164 2
91 165 1
188 165 1
354 165 2
416 165 1
507 165 2
53 166 28
94 166 3
136 166 1
150 166 1
173 166 8
192 166 2
258 166 1
301 166 1
339 166 1
379 166 1
410 166 1
430 166 4
443 166 1
450 166 3
462 166 1
465 166 4
497 166 1
515 166 3
520 166 1
653 166 4
698 166 1
31 167 2
33 167 1
38 167 5
44 167 12
48 167 1
50 167 1
52 167 1
76 167 1
90 167 11
101 167 1
104 167 4
116 167 1
129 167 6
147 167 1
149 167 16
166 167 1
228 167 2
252 167 2
322 167 1
343 167 1
390 167 1
412 167 1
416 167 5
428 167 3
430 167 1
451 167 8
499 167 6
507 167 1
515 167 1
524 167 27
591 167 2
649 167 4
670 167 2
699 167 1
160 168 1
229 168 1
372 168 10
379 168 6
556 168 3
563 168 2
715 168 1
7 169 3
20 169 9
67 169 1
77 169 1
91 169 1
107 169 1
174 169 1
184 169 1
188 169 1
212 169 1
217 169 1
268 169 1
270 169 14
278 169 2
323 169 1
327 169 1
333 169 1
403 169 1
564 169 1
42 170 1
174 170 1
275 170 2
592 170 1
7 171 2
14 171 1
42 171 2
74 171 3
107 171 1
139 171 6
150 171 1
175 171 5
203 171 16
212 171 1
230 171 1
233 171 17
274 171 6
295 171 2
315 171 1
372 171 3
500 171 2
503 171 3
542 171 1
580 171 1
637 171 4
672 171 1
29 172 7
93 172 1
94 172 3
151 172 2
201 172 1
213 172 2
233 172 11
268 172 4
280 172 4
361 172 1
399 172 1
555 172 1
572 172 1
604 172 1
720 172 1
45 173 1
311 173 1
389 173 1
490 173 4
551 173 1
601 173 5
656 173 1
14 174 1
62 174 3
180 174 1
186 174 1
194 174 5
200 174 3
284 174 1
323 174 4
324 174 1
364 174 4
372 174 6
427 174 1
526 174 1
709 174 1
5 175 1
201 175 6
256 175 1
273 175 1
290 175 1
564 175 2
584 175 1
11 176 3
45 176 2
121 176 1
163 176 12
172 176 1
180 176 1
206 176 1
249 176 1
274 176 1
312 176 1
340 176 1
388 176 1
490 176 6
544 176 2
607 176 1
625 176 1
669 176 1
139 177 1
181 177 5
253 177 1
397 177 1
550 177 3
593 177 1
725 177 1
43 178 1
102 178 1
121 178 1
161 178 1
163 178 1
182 178 3
287 178 2
290 178 2
372 178 1
61 179 5
269 179 1
451 179 1
72 180 1
215 180 1
233 180 1
333 180 1
394 180 1
628 180 1
629 180 1
36 181 1
37 181 1
47 181 1
96 181 1
100 181 3
114 181 1
130 181 1
136 181 1
151 181 2
161 181 1
180 181 4
185 181 1
195 181 1
245 181 6
249 181 1
264 181 1
286 181 3
290 181 2
294 181 1
315 181 1
327 181 2
381 181 1
526 181 4
539 181 1
543 181 2
555 181 3
564 181 1
597 181 1
660 181 1
678 181 1
679 181 2
10 182 1
14 182 2
23 182 1
59 182 1
62 182 1
89 182 1
150 182 2
219 182 5
230 182 5
309 182 2
314 182 3
320 182 1
372 182 1
539 182 3
580 182 1
606 182 1
9 183 1
45 183 1
53 183 8
59 183 1
60 183 1
65 183 1
77 183 3
88 183 1
141 183 15
173 183 3
174 183 1
180 183 1
187 183 2
192 183 2
195 183 2
209 183 4
226 183 4
241 183 1
279 183 4
300 183 6
322 183 3
351 183 1
381 183 1
417 183 1
444 183 1
453 183 1
479 183 4
580 183 1
723 183 1
4 184 2
49 184 1
77 184 10
88 184 1
89 184 1
101 184 1
119 184 1
122 184 1
141 184 1
150 184 17
152 184 4
172 184 4
174 184 1
184 184 1
186 184 1
206 184 6
209 184 18
231 184 1
250 184 1
258 184 1
270 184 7
282 184 1
291 184 1
306 184 1
340 184 9
386 184 2
389 184 2
445 184 1
453 184 3
474 184 1
480 184 1
494 184 1
499 184 2
511 184 1
581 184 2
608 184 1
671 184 1
40 185 15
41 185 1
53 185 12
79 185 1
101 185 3
106 185 1
192 185 3
206 185 1
209 185 2
284 185 4
313 185 1
322 185 1
340 185 1
394 185 1
424 185 2
581 185 1
585 185 1
209 186 1
250 186 3
257 186 13
291 186 1
318 186 1
340 186 1
351 186 1
390 186 1
684 186 1
700 186 1
20 187 1
25 187 1
59 187 3
111 187 2
127 187 9
148 187 2
170 187 1
195 187 1
252 187 1
430 187 1
20 188 19
25 188 22
27 188 1
42 188 2
44 188 2
52 188 2
57 188 1
68 188 7
91 188 1
92 188 10
104 188 4
118 188 4
123 188 2
131 188 27
150 188 3
195 188 9
197 188 22
207 188 2
208 188 12
266 188 1
274 188 1
289 188 1
293 188 1
340 188 8
375 188 2
384 188 18
386 188 1
439 188 7
440 188 2
446 188 1
448 188 6
452 188 2
462 188 8
467 188 10
468 188 1
514 188 1
579 188 9
586 188 2
592 188 1
651 188 1
675 188 3
678 188 1
269 189 1
304 189 3
376 189 9
429 189 1
448 189 1
14 190 1
43 190 1
58 190 1
92 190 1
128 190 20
174 190 22
177 190 1
184 190 2
194 190 2
230 190 1
245 190 4
271 190 1
295 190 1
311 190 1
359 190 2
369 190 4
475 190 22
498 190 5
503 190 6
526 190 1
540 190 1
3 191 1
44 191 2
84 191 2
99 191 1
150 191 1
195 191 1
282 191 1
339 191 1
439 191 2
448 191 2
461 191 1
482 191 2
505 191 1
520 191 1
13 192 1
15 192 1
33 192 1
53 192 1
69 192 2
73 192 1
104 192 3
120 192 9
191 192 1
193 192 14
225 192 1
233 192 1
257 192 1
301 192 1
306 192 3
308 192 1
340 192 1
422 192 1
532 192 1
535 192 1
594 192 1
669 192 3
28 193 1
40 193 6
147 193 2
197 193 1
206 193 1
228 193 2
336 193 1
600 193 1
274 194 1
429 194 1
453 194 1
516 194 1
522 194 1
17 195 1
167 195 1
458 195 1
476 195 1
534 195 1
43 196 3
72 196 3
83 196 2
125 196 1
172 196 1
173 196 1
176 196 1
194 196 1
211 196 1
278 196 2
323 196 9
334 196 1
380 196 8
382 196 1
531 196 4
543 196 1
608 196 1
629 196 1
706 196 4
285 197 2
392 197 1
710 197 3
151 198 1
254 198 1
335 198 2
347 198 1
360 198 1
362 198 1
561 198 2
618 198 1
622 198 1
639 198 3
660 198 3
693 198 1
708 198 1
721 198 1
14 199 1
15 199 2
32 199 1
85 199 1
149 199 4
158 199 2
165 199 1
177 199 2
187 199 2
202 199 1
219 199 1
246 199 1
286 199 1
290 199 1
305 199 11
444 199 3
476 199 1
487 199 1
521 199 1
552 199 2
611 199 4
641 199 1
669 199 1
683 199 1
203 200 2
574 200 3
701 200 2
153 201 1
35 202 4
71 202 12
101 202 1
114 202 1
150 202 20
152 202 16
154 202 1
156 202 1
185 202 1
205 202 2
218 202 2
219 202 1
290 202 4
292 202 2
301 202 1
314 202 1
323 202 1
340 202 5
504 202 1
526 202 1
537 202 1
555 202 1
587 202 1
604 202 1
623 202 1
643 202 1
648 202 5
679 202 1
4 203 2
14 203 1
25 203 1
41 203 3
54 203 1
55 203 1
60 203 1
63 203 2
64 203 2
69 203 5
84 203 1
180 203 1
188 203 1
228 203 1
328 203 1
398 203 3
416 203 1
418 203 1
430 203 10
532 203 1
597 203 1
626 203 4
644 203 9
647 203 1
649 203 1
669 203 1
16 204 1
20 204 6
22 204 1
25 204 2
31 204 1
32 204 16
33 204 5
50 204 1
59 204 1
64 204 1
90 204 1
104 204 1
115 204 1
116 204 1
129 204 1
150 204 25
166 204 1
190 204 1
193 204 3
196 204 2
206 204 20
212 204 1
219 204 9
243 204 1
260 204 11
274 204 1
291 204 5
308 204 8
310 204 1
325 204 1
340 204 6
351 204 1
368 204 1
395 204 2
405 204 12
406 204 1
425 204 12
493 204 1
496 204 43
507 204 1
536 204 1
550 204 1
572 204 1
573 204 1
584 204 11
647 204 2
675 204 2
684 204 11
686 204 1
698 204 2
699 204 5
708 204 10
133 205 10
208 205 1
216 205 1
526 205 14
580 205 5
627 205 1
631 205 1
661 205 1
672 205 4
707 205 1
716 205 1
724 205 6
4 206 4
9 206 1
11 206 1
14 206 5
20 206 1
22 206 1
39 206 3
44 206 2
50 206 1
66 206 1
76 206 2
77 206 1
85 206 1
90 206 2
91 206 9
98 206 1
101 206 17
104 206 3
112 206 1
119 206 1
122 206 3
129 206 5
131 206 2
148 206 3
150 206 56
158 206 1
187 206 2
193 206 7
202 206 1
227 206 1
228 206 3
251 206 9
266 206 5
269 206 8
274 206 1
279 206 11
282 206 11
290 206 3
291 206 2
303 206 4
304 206 3
306 206 1
340 206 26
351 206 3
386 206 11
409 206 1
412 206 1
417 206 1
434 206 5
440 206 1
443 206 1
444 206 2
445 206 4
452 206 2
455 206 21
463 206 1
466 206 2
469 206 3
470 206 11
473 206 7
476 206 2
480 206 2
483 206 2
496 206 10
501 206 1
505 206 1
514 206 4
520 206 1
521 206 1
527 206 11
557 206 3
571 206 1
576 206 1
607 206 1
628 206 2
631 206 1
668 206 1
671 206 1
674 206 1
684 206 15
690 206 2
121 207 1
163 207 7
276 207 1
326 207 1
355 207 1
356 207 1
543 207 2
587 207 1
613 207 12
680 207 4
355 208 1
380 208 1
396 208 3
646 208 1
167 209 5
179 209 1
212 209 3
526 209 1
554 209 1
4 210 11
14 210 1
83 210 1
84 210 7
149 210 1
173 210 20
180 210 1
184 210 3
192 210 1
205 210 2
209 210 2
270 210 1
299 210 1
303 210 2
339 210 1
392 210 1
653 210 1
691 210 1
91 211 1
218 211 1
233 211 10
273 211 1
679 211 1
53 212 1
77 212 1
137 212 1
152 212 1
207 212 4
313 212 3
29 213 1
185 213 1
233 213 1
574 213 2
679 213 2
29 214 17
151 214 2
194 214 10
217 214 1
264 214 1
319 214 1
356 214 3
372 214 1
407 214 1
565 214 2
592 214 1
613 214 34
709 214 5
4 215 2
14 215 3
98 215 5
101 215 1
151 215 1
173 215 3
209 215 5
227 215 1
339 215 1
389 215 1
565 215 2
618 215 4
707 215 1
715 215 1
34 216 2
40 216 9
96 216 1
106 216 1
128 216 3
147 216 1
288 216 4
508 216 3
6 217 8
22 217 8
53 217 2
62 217 1
90 217 1
91 217 1
101 217 13
113 217 2
127 217 2
134 217 3
143 217 4
150 217 6
151 217 5
154 217 4
173 217 1
174 217 1
187 217 1
209 217 16
220 217 1
227 217 15
241 217 1
245 217 2
256 217 1
262 217 1
274 217 4
281 217 9
283 217 1
295 217 1
302 217 1
323 217 2
324 217 1
335 217 1
379 217 1
380 217 1
388 217 2
471 217 2
504 217 6
549 217 3
557 217 1
565 217 2
571 217 2
574 217 1
576 217 1
593 217 5
610 217 1
627 217 1
632 217 1
634 217 1
646 217 1
696 217 1
27 218 1
40 218 1
53 218 1
127 218 6
155 218 1
187 218 1
270 218 2
283 218 2
299 218 2
302 218 1
306 218 1
388 218 1
554 218 3
583 218 14
631 218 1
713 218 1
11 219 1
53 219 1
77 219 13
104 219 2
192 219 1
209 219 1
222 219 1
223 219 17
270 219 1
306 219 1
322 219 1
335 219 2
443 219 13
456 219 1
460 219 1
592 219 1
628 219 2
655 219 1
212 220 2
223 220 1
330 220 1
367 220 1
562 220 3
604 220 1
708 220 1
721 220 1
32 221 5
385 221 6
27 222 1
62 222 1
91 222 1
108 222 3
134 222 4
135 222 8
145 222 1
150 222 1
173 222 1
175 222 3
189 222 1
206 222 4
275 222 2
280 222 1
369 222 1
379 222 1
381 222 1
382 222 4
389 222 1
517 222 1
540 222 1
545 222 1
704 222 1
14 223 2
67 223 1
90 223 1
209 223 4
246 223 12
527 223 1
532 223 1
664 223 1
671 223 1
258 224 2
27 225 1
40 225 1
46 225 2
50 225 1
76 225 3
84 225 1
104 225 23
112 225 2
116 225 1
170 225 1
195 225 1
414 225 1
435 225 1
443 225 3
445 225 4
466 225 1
469 225 2
486 225 1
499 225 1
507 225 1
514 225 2
2 226 1
604 226 1
21 227 1
54 227 1
62 227 1
95 227 1
165 227 2
177 227 1
179 227 1
219 227 4
249 227 1
312 227 1
323 227 6
346 227 7
372 227 2
420 227 3
530 227 1
584 227 1
682 227 1
709 227 1
4 228 1
88 228 1
91 228 1
209 228 5
220 228 3
228 228 1
241 228 2
322 228 9
340 228 2
45 229 2
220 229 1
232 229 1
324 229 1
392 229 1
505 229 3
577 229 4
71 230 1
162 230 1
179 230 1
235 230 1
403 230 1
90 231 1
104 231 1
141 231 1
150 231 1
189 231 1
194 231 3
195 231 2
219 231 14
260 231 3
266 231 5
281 231 4
296 231 1
338 231 1
340 231 2
409 231 3
505 231 1
530 231 1
388 232 1
392 232 1
681 232 1
32 233 1
38 233 1
48 233 3
50 233 1
71 233 1
92 233 1
127 233 1
169 233 1
209 233 1
313 233 1
424 233 1
527 233 1
532 233 1
557 233 2
237 234 1
295 234 5
5 235 1
51 235 1
62 235 1
94 235 3
125 235 1
140 235 3
149 235 3
151 235 2
159 235 1
168 235 6
172 235 4
173 235 1
179 235 1
185 235 1
205 235 1
210 235 4
212 235 1
216 235 1
233 235 1
249 235 1
253 235 4
264 235 3
286 235 2
290 235 2
319 235 2
323 235 1
330 235 1
335 235 6
355 235 1
359 235 1
372 235 5
378 235 1
379 235 1
380 235 2
381 235 6
506 235 1
526 235 5
531 235 2
540 235 1
585 235 1
586 235 3
618 235 4
623 235 1
59 236 1
257 236 1
303 236 1
72 237 1
148 237 1
388 237 2
554 237 7
616 237 3
20 238 24
32 238 1
33 238 25
45 238 4
48 238 5
50 238 3
61 238 1
82 238 3
101 238 3
104 238 16
112 238 1
123 238 1
129 238 3
131 238 1
141 238 1
150 238 4
195 238 20
196 238 6
206 238 3
243 238 1
260 238 13
265 238 1
270 238 7
303 238 5
308 238 1
310 238 11
340 238 9
351 238 5
372 238 1
374 238 1
376 238 2
390 238 1
410 238 1
417 238 1
423 238 6
424 238 1
428 238 1
444 238 1
445 238 1
450 238 1
451 238 4
453 238 2
454 238 11
474 238 1
480 238 2
494 238 1
496 238 7
497 238 1
499 238 1
500 238 2
502 238 29
534 238 11
563 238 2
621 238 1
636 238 1
647 238 1
650 238 1
651 238 1
654 238 1
664 238 14
669 238 27
684 238 4
14 239 6
86 239 3
88 239 1
93 239 2
97 239 1
179 239 2
189 239 3
209 239 3
223 239 1
233 239 1
242 239 1
255 239 2
256 239 1
282 239 2
414 239 1
499 239 3
607 239 1
48 240 2
93 240 1
301 240 2
496 240 1
499 240 1
22 241 3
217 241 6
258 241 1
341 241 1
402 241 1
547 241 1
699 241 2
7 242 1
224 242 1
245 242 10
271 242 1
274 242 1
315 242 1
356 242 10
6 243 1
150 243 1
219 243 1
351 243 1
574 243 1
580 243 1
29 244 1
200 244 1
225 244 2
358 244 1
526 244 1
7 245 6
35 245 1
544 245 1
4 246 1
27 246 22
53 246 16
72 246 3
143 246 2
173 246 6
209 246 3
226 246 2
269 246 1
282 246 5
299 246 19
338 246 1
372 246 1
382 246 3
583 246 4
585 246 1
621 246 1
627 246 1
675 246 1
690 246 1
128 247 2
172 247 1
188 247 1
202 247 1
271 247 1
294 247 3
314 247 1
317 247 1
408 247 2
444 247 2
613 247 3
676 247 1
217 248 1
249 248 2
290 248 1
312 248 1
372 248 1
540 248 1
190 249 1
279 249 2
390 249 1
14 250 2
20 250 1
25 250 8
69 250 7
82 250 1
87 250 1
100 250 2
120 250 13
150 250 2
340 250 2
384 250 2
389 250 2
415 250 1
462 250 6
527 250 10
542 250 1
637 250 5
650 250 1
668 250 1
28 251 3
93 251 4
120 251 2
178 251 1
197 251 1
325 251 1
507 251 1
699 251 1
149 252 6
163 252 5
185 252 1
335 252 1
554 252 2
254 253 1
519 253 1
550 253 1
584 253 2
72 254 5
184 254 1
215 254 5
83 255 1
88 255 1
145 255 1
179 255 1
181 255 1
185 255 1
256 255 2
278 255 2
293 255 1
335 255 1
346 255 1
418 255 1
523 255 1
557 255 9
561 255 2
696 255 1
82 256 3
148 256 1
190 256 1
215 256 4
249 256 2
257 256 6
260 256 2
279 256 1
303 256 3
340 256 2
387 256 2
424 256 2
454 256 2
14 257 4
59 257 1
60 257 4
83 257 1
88 257 1
136 257 1
141 257 3
145 257 1
174 257 2
179 257 1
189 257 4
209 257 3
231 257 2
256 257 2
273 257 1
293 257 2
302 257 1
351 257 1
363 257 1
392 257 2
401 257 3
551 257 1
556 257 1
713 257 2
20 258 1
224 258 1
259 258 5
558 258 2
53 259 1
91 259 6
141 259 4
145 259 1
148 259 3
215 259 1
233 259 1
239 259 2
250 259 2
257 259 2
258 259 2
260 259 1
270 259 3
291 259 2
293 259 1
349 259 1
387 259 1
394 259 16
406 259 23
463 259 4
512 259 2
534 259 20
537 259 5
557 259 3
17 260 1
148 260 2
261 260 3
282 260 5
300 260 10
303 260 3
363 260 1
410 260 2
684 260 2
170 261 1
407 261 1
478 261 7
487 261 2
525 261 1
567 261 3
578 261 7
615 261 12
48 262 1
50 262 13
69 262 1
77 262 1
104 262 3
123 262 1
303 262 1
304 262 1
310 262 3
651 262 1
88 263 1
127 263 1
150 263 2
231 263 1
307 263 1
414 263 1
416 263 2
418 263 3
423 263 1
448 263 3
468 263 3
2 264 1
29 264 27
100 264 2
107 264 1
139 264 2
147 264 3
151 264 4
164 264 1
204 264 1
208 264 2
262 264 3
264 264 1
276 264 1
277 264 1
361 264 1
526 264 10
588 264 1
609 264 2
613 264 1
698 264 1
717 264 1
4 265 1
14 265 1
44 265 2
64 265 2
93 265 4
98 265 1
104 265 3
150 265 1
170 265 1
187 265 1
213 265 1
222 265 1
224 265 1
227 265 1
228 265 1
250 265 1
265 265 1
269 265 2
303 265 1
306 265 13
415 265 3
418 265 1
443 265 1
451 265 1
454 265 3
455 265 1
457 265 1
458 265 1
459 265 1
468 265 3
474 265 1
476 265 1
494 265 1
514 265 1
515 265 1
584 265 3
628 265 1
645 265 4
691 265 1
163 266 4
169 266 1
262 266 1
273 266 1
319 266 1
404 266 4
626 266 1
651 266 1
658 266 1
669 266 4
388 267 1
550 267 1
554 267 6
564 267 1
611 267 1
652 267 1
662 267 1
701 267 1
712 267 1
4 268 7
14 268 21
16 268 1
42 268 1
98 268 1
128 268 1
145 268 13
149 268 5
173 268 7
180 268 2
192 268 7
205 268 1
258 268 5
274 268 16
282 268 1
340 268 10
351 268 2
504 268 1
520 268 4
536 268 1
539 268 1
554 268 1
584 268 1
17 269 1
215 269 8
241 269 1
265 269 5
282 269 16
304 269 1
309 269 1
310 269 2
331 269 10
362 269 1
376 269 19
410 269 5
415 269 1
424 269 3
464 269 1
476 269 1
483 269 1
509 269 1
514 269 1
532 269 21
689 269 1
14 270 4
88 271 3
270 271 1
512 271 1
557 271 1
102 272 1
161 272 2
177 272 3
274 273 2
400 273 1
134 274 1
148 274 1
151 274 6
193 274 1
206 274 1
226 274 1
233 274 1
273 274 1
278 274 1
393 274 1
461 274 1
523 274 1
557 274 4
561 274 1
585 274 1
628 274 1
638 274 4
653 274 1
678 274 1
689 274 1
7 275 9
22 275 1
102 275 1
173 275 1
348 275 1
383 275 1
544 275 1
614 275 2
14 276 3
16 276 1
20 276 9
29 276 4
44 276 1
50 276 1
54 276 1
86 276 8
98 276 1
100 276 1
172 276 1
185 276 1
212 276 2
249 276 1
255 276 1
256 276 4
263 276 1
271 276 1
274 276 2
276 276 1
278 276 2
303 276 1
311 276 1
313 276 1
331 276 2
335 276 2
356 276 8
369 276 1
380 276 1
487 276 2
519 276 1
550 276 1
560 276 2
600 276 1
625 276 1
627 276 3
707 276 1
709 276 2
36 277 1
163 277 4
216 277 5
253 277 14
280 277 1
290 277 5
622 277 1
653 277 1
709 277 1
130 278 1
478 278 9
634 278 2
639 278 1
72 279 1
141 279 2
184 279 1
264 279 1
278 279 1
281 279 1
283 279 2
302 279 4
388 279 1
394 279 1
405 279 2
543 279 1
584 279 2
690 279 1
91 280 6
141 280 5
148 280 4
209 280 19
257 280 2
279 280 1
306 280 2
387 280 11
470 280 1
130 281 1
254 281 1
372 281 1
656 281 1
191 282 1
387 282 1
9 283 1
150 283 1
187 283 2
213 283 5
505 283 8
14 284 1
141 284 1
184 284 1
239 284 5
594 284 1
29 285 1
58 285 1
94 285 1
96 285 2
100 285 1
135 285 2
147 285 2
149 285 1
165 285 5
181 285 1
187 285 5
190 285 4
191 285 1
211 285 1
222 285 5
245 285 1
249 285 3
253 285 1
256 285 1
264 285 2
274 285 1
280 285 1
284 285 2
287 285 2
290 285 11
335 285 2
338 285 1
347 285 1
355 285 3
356 285 3
381 285 1
382 285 5
391 285 1
392 285 2
478 285 1
503 285 1
504 285 1
526 285 2
529 285 1
546 285 3
557 285 2
580 285 3
586 285 2
597 285 2
610 285 1
613 285 1
618 285 1
642 285 1
645 285 1
672 285 1
690 285 8
693 285 3
709 285 1
45 286 1
67 286 1
102 286 1
160 286 1
165 286 11
182 286 3
230 286 1
265 286 1
271 286 1
285 286 1
372 286 5
566 286 1
601 286 1
618 286 2
639 286 7
662 286 3
679 286 1
45 287 3
62 287 2
149 287 3
153 287 1
160 287 6
161 287 2
177 287 5
184 287 1
185 287 4
194 287 1
211 287 2
222 287 3
238 287 4
273 287 1
297 287 1
352 287 1
355 287 1
362 287 1
379 287 1
381 287 1
391 287 1
525 287 1
531 287 1
540 287 1
600 287 1
653 287 1
679 287 2
689 287 1
45 288 2
149 288 2
160 288 2
165 288 1
185 288 2
210 288 1
287 288 3
290 288 1
381 288 2
487 288 1
604 288 3
53 289 1
74 289 1
340 289 2
418 289 1
669 289 1
29 290 2
94 290 1
121 290 1
171 290 1
172 290 1
174 290 1
185 290 1
223 290 1
238 290 2
253 290 1
265 290 1
273 290 1
290 290 33
330 290 1
379 290 6
380 290 1
382 290 4
396 290 1
506 290 2
540 290 1
567 290 1
613 290 1
633 290 3
693 290 3
709 290 1
269 291 1
291 291 1
303 291 1
14 292 1
72 292 1
173 292 6
181 292 1
209 292 1
258 292 1
338 292 1
405 292 2
445 292 1
675 292 6
676 292 1
681 292 1
53 293 1
389 293 3
403 293 1
40 294 8
43 294 4
128 294 3
296 294 2
346 294 2
371 294 3
526 294 2
1 295 4
13 295 1
38 295 1
53 295 4
61 295 1
101 295 1
124 295 1
129 295 2
150 295 2
180 295 4
185 295 1
194 295 1
215 295 3
244 295 1
266 295 1
274 295 14
294 295 1
296 295 1
312 295 1
340 295 1
351 295 1
469 295 1
490 295 5
543 295 1
545 295 1
588 295 1
618 295 1
643 295 1
689 295 21
31 296 2
187 296 1
206 296 1
222 296 5
260 296 4
297 296 1
418 296 1
468 296 1
671 296 1
674 296 1
24 297 1
43 297 1
75 297 1
111 297 2
194 297 1
202 297 3
259 297 1
264 297 3
295 297 2
311 297 5
312 297 3
324 297 1
375 297 1
393 297 1
711 297 3
2 298 1
43 298 1
45 298 1
157 298 2
174 298 1
180 298 13
208 298 1
212 298 1
233 298 1
253 298 2
274 298 7
307 298 1
323 298 4
394 298 1
401 298 1
540 298 1
607 298 5
653 298 8
655 298 1
660 298 1
698 298 4
91 299 1
300 299 1
303 299 2
20 300 3
149 300 2
175 300 1
194 300 10
224 300 1
245 300 14
284 300 1
295 300 2
323 300 1
369 300 1
372 300 2
378 300 1
379 300 1
508 300 1
610 300 9
1 301 1
40 301 4
41 301 1
91 301 4
92 301 1
101 301 2
196 301 1
309 301 1
310 301 5
431 301 1
444 301 4
463 301 1
532 301 3
669 301 1
14 302 1
25 302 1
72 302 2
77 302 11
149 302 1
162 302 2
176 302 1
179 302 3
181 302 1
184 302 4
185 302 6
205 302 1
239 302 14
256 302 1
278 302 2
286 302 2
299 302 1
303 302 1
333 302 2
387 302 3
403 302 5
517 302 1
566 302 1
570 302 1
571 302 1
594 302 1
611 302 1
629 302 2
666 302 1
10 303 6
43 303 2
89 303 1
144 303 1
152 303 1
188 303 2
190 303 1
198 303 1
250 303 4
303 303 2
500 303 1
15 304 1
85 304 9
424 304 1
436 304 1
16 305 1
39 305 1
60 305 1
91 305 1
98 305 1
99 305 3
101 305 20
129 305 2
207 305 1
241 305 3
251 305 1
265 305 2
321 305 1
386 305 2
392 305 1
454 305 5
471 305 1
499 305 1
684 305 1
91 306 1
187 306 1
671 306 2
24 307 1
107 307 1
249 307 1
338 307 1
423 307 2
554 307 1
49 308 1
282 308 1
308 308 1
432 308 1
532 308 9
664 308 9
673 308 1
269 309 1
269 310 1
245 311 1
311 311 1
372 311 1
14 312 1
20 312 8
28 312 1
41 312 1
100 312 2
139 312 1
163 312 2
179 312 8
249 312 1
284 312 1
319 312 1
627 312 1
675 312 14
4 313 5
16 313 1
19 313 1
27 313 3
39 313 5
40 313 1
50 313 9
61 313 1
69 313 3
73 313 1
76 313 4
82 313 1
86 313 1
91 313 1
92 313 4
98 313 4
104 313 6
119 313 2
120 313 4
129 313 13
132 313 1
144 313 1
147 313 1
150 313 19
171 313 3
188 313 1
191 313 1
196 313 2
206 313 23
207 313 1
233 313 3
236 313 1
241 313 4
244 313 14
291 313 28
308 313 20
310 313 1
325 313 3
331 313 1
340 313 2
344 313 6
365 313 4
374 313 1
376 313 1
401 313 1
410 313 4
422 313 1
425 313 1
428 313 3
430 313 9
436 313 5
439 313 1
443 313 1
450 313 2
451 313 2
455 313 3
456 313 10
463 313 3
464 313 1
475 313 3
478 313 6
496 313 2
499 313 1
507 313 1
532 313 21
542 313 1
647 313 9
649 313 1
674 313 2
698 313 6
699 313 1
153 314 1
328 314 1
90 315 1
180 315 1
204 315 1
381 315 1
382 315 1
487 315 1
540 315 1
574 315 1
14 316 2
88 316 1
132 316 1
148 316 1
416 316 1
584 316 1
4 317 1
13 317 2
14 317 1
69 317 1
89 317 6
104 317 1
150 317 1
300 317 3
339 317 1
340 317 1
358 317 3
384 317 1
474 317 2
589 317 2
25 318 1
37 318 1
76 318 1
84 318 1
241 318 1
255 318 1
367 318 1
415 318 1
578 318 1
43 319 2
147 319 1
194 319 1
356 319 1
383 319 1
592 319 1
613 319 4
709 319 1
18 320 9
53 320 9
59 320 3
107 320 1
148 320 1
150 320 3
157 320 1
205 320 1
245 320 1
258 320 1
274 320 1
290 320 1
293 320 1
300 320 2
317 320 2
337 320 1
340 320 1
351 320 1
403 320 24
430 320 1
512 320 1
521 320 1
554 320 1
557 320 7
580 320 1
628 320 6
654 320 1
58 321 1
61 321 1
424 321 1
4 322 13
6 322 1
14 322 3
16 322 1
20 322 12
25 322 29
30 322 1
32 322 1
38 322 1
50 322 3
74 322 1
77 322 1
78 322 5
82 322 1
90 322 1
92 322 3
104 322 22
117 322 1
120 322 2
123 322 3
124 322 11
141 322 2
150 322 71
165 322 3
167 322 8
169 322 2
173 322 1
178 322 3
187 322 3
191 322 4
198 322 1
206 322 1
209 322 1
215 322 1
225 322 2
228 322 1
236 322 18
244 322 6
249 322 4
258 322 7
260 322 13
263 322 1
269 322 2
271 322 1
279 322 1
294 322 2
303 322 9
304 322 2
314 322 1
315 322 5
322 322 1
340 322 11
351 322 14
374 322 3
422 322 1
424 322 1
428 322 1
460 322 4
469 322 2
475 322 3
483 322 1
532 322 6
537 322 2
616 322 2
645 322 1
662 322 3
668 322 1
671 322 2
674 322 1
699 322 1
711 322 4
4 323 1
35 323 1
65 323 1
84 323 1
101 323 1
114 323 4
159 323 1
173 323 8
180 323 1
184 323 1
209 323 6
241 323 3
253 323 1
273 323 1
274 323 6
283 323 1
290 323 2
294 323 1
334 323 1
339 323 1
385 323 1
423 323 12
427 323 1
478 323 1
515 323 1
517 323 2
554 323 17
584 323 5
600 323 1
603 323 3
650 323 1
672 323 2
34 324 2
90 324 6
178 324 1
324 324 1
383 324 1
36 325 1
99 325 2
112 325 2
120 325 1
132 325 16
170 325 1
213 325 1
325 325 1
547 325 1
141 326 14
185 326 1
273 326 4
326 326 1
335 326 1
347 326 1
550 326 1
576 326 1
613 326 1
653 326 1
662 326 1
59 327 1
148 327 1
189 327 1
190 327 1
226 327 2
270 327 1
406 327 1
469 327 1
14 328 3
40 328 2
74 328 1
110 328 8
173 328 1
208 328 1
224 328 2
270 328 1
286 328 1
336 328 1
372 328 2
383 328 1
519 328 1
543 328 13
550 328 1
572 328 1
580 328 1
607 328 1
679 328 1
28 329 1
32 329 1
78 329 5
173 329 2
223 329 3
294 329 1
299 329 1
323 329 1
324 329 3
328 329 3
335 329 1
344 329 1
345 329 1
388 329 3
498 329 1
543 329 1
579 329 1
649 329 1
708 329 1
125 330 1
147 330 1
164 330 1
173 330 1
254 330 1
280 330 1
284 330 1
330 330 2
355 330 1
545 330 1
550 330 1
207 331 1
707 332 1
173 333 1
180 333 1
235 333 1
274 333 1
287 333 1
695 333 1
713 333 1
4 334 6
6 334 1
14 334 6
135 334 1
173 334 1
179 334 3
196 334 1
209 334 2
241 334 1
287 334 1
290 334 1
294 334 1
319 334 1
423 334 12
526 334 1
571 334 1
583 334 2
102 335 1
403 335 1
502 335 4
43 336 6
82 336 1
153 336 6
167 336 1
208 336 3
212 336 1
254 336 2
274 336 2
280 336 1
287 336 1
320 336 1
346 336 1
355 336 1
367 336 6
371 336 3
388 336 1
396 336 1
397 336 2
492 336 1
531 336 2
543 336 1
550 336 1
569 336 2
574 336 1
578 336 1
580 336 1
590 336 3
593 336 11
611 336 5
614 336 2
631 336 2
643 336 1
653 336 1
662 336 1
663 336 1
676 336 1
679 336 1
698 336 10
707 336 1
708 336 6
12 337 1
14 337 1
23 337 1
34 337 1
40 337 2
54 337 2
62 337 1
99 337 6
101 337 17
132 337 3
217 337 1
219 337 3
307 337 2
321 337 2
323 337 13
334 337 1
14 338 1
31 338 1
44 338 1
121 338 4
150 338 9
185 338 2
194 338 10
219 338 1
258 338 2
281 338 8
291 338 1
340 338 8
389 338 1
408 338 1
430 338 1
14 339 5
43 339 1
53 339 2
72 339 24
173 339 2
194 339 4
209 339 14
233 339 1
241 339 1
260 339 13
261 339 4
274 339 1
283 339 7
308 339 1
318 339 2
322 339 3
338 339 9
340 339 1
351 339 1
394 339 6
417 339 1
566 339 15
587 339 1
626 339 1
677 339 3
713 339 1
20 340 18
33 340 3
45 340 9
67 340 1
93 340 1
112 340 1
127 340 3
209 340 1
232 340 1
260 340 4
417 340 1
426 340 2
469 340 1
523 340 1
539 340 1
554 340 1
591 340 2
698 340 1
179 341 1
496 341 1
678 341 1
95 342 1
171 342 5
331 342 2
427 342 1
604 342 1
1 343 2
25 343 1
111 343 1
232 343 2
342 343 1
150 344 2
207 344 3
334 344 1
340 344 1
380 344 1
7 345 1
132 345 4
308 345 1
329 345 1
527 345 5
654 345 2
28 346 1
103 346 13
152 346 1
179 346 8
289 346 1
345 346 2
348 346 4
354 346 1
356 346 7
503 346 9
585 346 1
604 346 1
610 346 20
679 346 16
710 346 2
163 347 1
233 347 2
347 347 1
394 347 1
570 347 1
580 347 1
594 347 1
611 347 4
678 347 2
712 347 1
141 348 1
14 349 2
150 349 2
235 349 9
253 349 2
578 349 1
628 349 2
649 349 1
650 349 1
14 350 1
396 350 1
663 350 1
687 350 1
14 351 2
25 351 1
36 351 1
41 351 2
49 351 1
76 351 2
84 351 1
104 351 3
113 351 1
124 351 1
195 351 1
245 351 1
278 351 1
320 351 2
391 351 1
416 351 1
497 351 1
585 351 1
352 352 3
32 353 1
71 353 6
104 353 1
116 353 1
137 353 1
253 353 16
292 353 1
302 353 4
340 353 1
572 353 2
583 353 7
628 353 1
676 353 2
681 353 1
686 353 1
17 354 1
57 354 1
132 354 2
421 354 1
303 355 6
380 355 5
602 355 1
690 355 7
290 356 1
323 356 4
334 356 2
379 356 2
565 356 1
584 356 1
11 357 1
41 357 1
55 357 7
75 357 1
160 357 1
173 357 1
211 357 4
295 357 4
311 357 5
478 357 8
608 357 1
676 357 2
679 357 1
43 358 2
111 358 1
175 358 1
655 358 1
6 359 2
45 359 11
78 359 4
180 359 8
194 359 13
204 359 1
245 359 1
258 359 1
274 359 1
294 359 3
299 359 1
307 359 1
315 359 15
323 359 2
330 359 1
367 359 1
654 359 6
690 359 1
696 359 1
698 359 11
53 360 4
219 360 3
324 360 8
580 360 1
592 360 1
147 361 1
211 361 4
407 361 1
587 361 2
639 361 1
9 362 1
62 362 1
150 362 3
219 362 1
220 362 1
232 362 1
258 362 3
260 362 1
362 362 1
410 362 1
423 362 1
428 362 3
711 362 1
59 363 1
363 363 1
554 363 1
592 363 1
611 363 11
14 364 16
18 364 1
35 364 1
53 364 1
125 364 13
147 364 3
148 364 6
150 364 14
202 364 1
253 364 1
274 364 2
303 364 10
319 364 1
351 364 1
362 364 1
401 364 4
406 364 1
454 364 1
526 364 2
558 364 1
563 364 1
609 364 2
646 364 1
698 364 1
580 365 1
611 365 1
6 366 2
46 366 1
294 366 2
2 367 1
16 367 2
45 367 1
50 367 1
74 367 1
94 367 1
113 367 9
178 367 1
179 367 7
256 367 1
275 367 8
290 367 2
315 367 2
352 367 1
371 367 1
379 367 1
564 367 6
614 367 3
629 367 8
662 367 2
42 368 1
194 368 1
253 368 1
531 368 1
555 368 2
573 368 1
618 368 1
648 368 2
657 368 2
14 369 1
26 369 2
61 369 1
72 369 2
150 369 1
180 369 1
207 369 1
243 369 9
274 369 1
351 369 2
403 369 1
422 369 1
444 369 1
587 369 1
588 370 1
604 370 1
43 371 1
145 371 1
148 371 1
174 371 1
212 371 2
233 371 1
273 371 1
543 371 1
566 371 1
586 371 2
594 371 1
604 371 3
623 371 1
628 371 1
629 371 3
653 371 5
698 371 1
706 371 1
54 372 1
253 372 1
266 372 1
149 373 1
356 373 2
370 373 1
372 373 2
595 373 12
627 373 1
720 373 2
139 374 1
356 374 1
653 374 2
17 375 1
207 375 2
497 375 1
505 375 1
669 375 1
76 376 1
80 376 1
121 376 1
163 376 31
182 376 1
210 376 1
256 376 1
294 376 1
307 376 3
308 376 1
351 376 1
684 376 1
274 377 1
450 377 1
669 377 1
615 378 1
29 379 2
177 379 1
253 379 1
366 379 1
550 379 1
580 379 2
110 380 1
113 380 1
146 380 2
147 380 1
185 380 1
223 380 1
256 380 2
280 380 2
284 380 1
286 380 1
319 380 2
334 380 1
356 380 1
379 380 6
380 380 1
584 380 1
94 381 1
139 381 3
151 381 1
153 381 1
224 381 1
238 381 2
380 381 2
531 381 8
562 381 17
590 381 2
623 381 1
627 381 2
672 381 5
708 381 17
715 381 4
724 381 1
37 382 2
136 382 1
149 382 2
180 382 1
282 382 2
284 382 1
287 382 2
381 382 6
382 382 1
490 382 1
594 382 1
604 382 2
619 382 2
29 383 1
37 383 1
94 383 1
104 383 1
149 383 3
150 383 3
160 383 1
212 383 4
238 383 1
262 383 1
280 383 2
282 383 3
290 383 1
379 383 1
382 383 3
392 383 1
525 383 1
594 383 2
645 383 1
687 383 1
693 383 1
709 383 1
716 383 1
20 384 1
102 384 3
215 385 1
563 385 1
4 386 5
13 386 1
14 386 10
245 386 1
271 386 1
274 386 3
295 386 1
385 386 1
393 386 1
652 386 1
226 387 1
258 387 1
291 387 1
496 387 3
387 388 5
60 389 2
114 389 1
136 389 1
208 389 4
278 389 2
394 389 1
470 389 1
14 390 1
19 390 1
91 390 1
141 390 18
145 390 1
206 390 1
278 390 1
388 390 3
392 390 1
514 390 3
628 390 1
684 390 1
52 391 3
77 391 2
92 391 1
145 391 1
157 391 1
188 391 2
190 391 1
293 391 6
388 391 4
599 391 6
647 391 1
54 392 1
65 392 1
77 392 2
122 392 11
191 392 1
569 392 2
645 392 2
716 392 1
179 393 1
278 393 1
392 393 1
557 393 2
394 394 2
566 394 5
4 395 8
14 395 1
17 395 4
20 395 3
24 395 1
25 395 15
34 395 1
49 395 6
65 395 1
68 395 2
73 395 1
76 395 1
78 395 2
85 395 1
86 395 8
90 395 1
120 395 2
148 395 1
150 395 8
160 395 1
165 395 1
179 395 6
194 395 2
195 395 6
196 395 1
197 395 2
205 395 3
206 395 1
211 395 1
225 395 3
234 395 1
239 395 15
265 395 1
269 395 1
273 395 1
279 395 1
282 395 28
297 395 1
308 395 7
315 395 1
327 395 4
340 395 8
342 395 1
351 395 6
364 395 1
380 395 1
416 395 7
418 395 9
423 395 4
424 395 7
437 395 1
442 395 2
450 395 1
453 395 13
454 395 1
463 395 1
466 395 1
475 395 2
494 395 1
507 395 1
576 395 6
635 395 7
647 395 5
684 395 1
727 395 2
7 396 6
26 396 1
43 396 23
45 396 2
72 396 23
126 396 1
146 396 2
167 396 1
169 396 1
177 396 1
238 396 1
264 396 1
279 396 1
280 396 2
283 396 1
319 396 1
335 396 4
351 396 8
380 396 1
396 396 1
545 396 1
555 396 1
566 396 1
589 396 2
698 396 3
397 397 1
582 397 1
25 398 1
96 398 5
225 398 1
311 398 1
347 398 2
515 398 1
532 398 1
647 398 9
20 399 1
36 399 1
139 399 3
145 399 5
274 399 3
335 399 1
573 399 1
575 399 1
578 399 6
656 399 1
676 399 3
691 399 1
4 400 1
59 400 1
62 400 1
68 400 1
70 400 1
107 400 1
332 400 15
364 400 1
430 400 1
484 400 1
651 400 1
699 400 4
141 401 2
409 401 1
512 401 1
563 401 2
4 402 1
14 402 13
44 402 1
53 402 22
98 402 2
107 402 2
197 402 1
209 402 33
251 402 3
303 402 3
322 402 3
330 402 1
386 402 1
424 402 1
449 402 1
454 402 1
472 402 1
476 402 21
484 402 1
532 402 1
544 402 1
101 403 1
141 403 2
145 403 1
256 403 4
303 403 9
75 404 1
136 405 1
184 405 2
226 405 1
260 405 1
274 405 1
303 405 1
600 405 1
384 406 1
585 406 1
151 407 2
705 407 1
493 408 2
33 409 1
410 409 5
443 409 1
454 409 1
476 409 1
483 409 1
485 409 1
513 409 1
542 409 1
450 410 1
409 411 2
410 411 2
424 411 8
463 411 1
466 411 1
475 411 1
484 411 2
514 411 1
556 411 1
654 411 2
670 411 1
671 411 1
1 412 1
19 412 1
44 412 10
46 412 1
48 412 4
76 412 4
82 412 2
99 412 1
150 412 5
160 412 3
183 412 1
193 412 7
195 412 6
206 412 13
228 412 1
257 412 1
265 412 5
282 412 1
297 412 16
303 412 3
314 412 2
365 412 2
382 412 1
416 412 1
417 412 1
425 412 2
426 412 7
430 412 2
434 412 18
441 412 1
442 412 1
445 412 2
449 412 4
453 412 20
454 412 2
457 412 2
473 412 1
474 412 1
481 412 9
483 412 2
488 412 2
489 412 5
495 412 1
502 412 1
510 412 3
515 412 1
532 412 10
534 412 1
554 412 1
647 412 2
664 412 2
20 413 9
33 413 1
44 413 2
92 413 1
195 413 1
295 413 2
413 413 2
418 413 1
454 413 3
455 413 1
458 413 1
467 413 1
654 413 1
669 413 1
505 414 1
413 415 1
416 415 1
466 415 1
65 416 1
323 416 1
446 416 10
150 417 1
198 417 1
269 417 2
418 417 1
451 417 1
458 417 1
459 417 1
488 417 1
514 417 1
438 418 1
446 418 1
484 418 1
14 419 1
54 419 3
498 419 1
54 420 4
55 420 1
232 420 1
377 420 3
558 420 1
131 421 1
228 421 3
423 421 10
528 421 1
411 422 2
424 422 4
484 422 1
669 422 1
673 422 1
432 423 2
480 423 1
493 423 2
500 423 1
494 424 1
34 425 1
371 425 1
545 425 2
263 426 1
429 426 1
188 427 1
207 427 1
269 427 1
671 427 1
71 428 1
92 428 1
626 428 1
449 429 2
458 429 1
462 429 3
448 430 2
476 430 1
269 431 1
411 432 1
44 433 1
279 433 17
439 433 8
442 433 3
279 434 1
440 434 1
524 434 1
714 434 3
127 435 1
486 435 1
441 436 1
93 437 1
418 437 10
458 437 1
476 437 6
513 437 6
31 438 7
80 438 1
304 438 1
307 438 1
410 438 1
515 438 1
524 438 1
654 438 7
198 439 1
265 439 3
445 439 1
448 439 1
452 439 2
476 439 1
494 439 2
505 439 1
228 440 2
446 440 1
489 440 2
665 440 1
33 441 1
119 441 1
187 441 1
420 441 2
438 441 4
440 441 1
443 441 1
476 441 1
500 441 1
228 442 1
410 442 1
424 442 1
131 443 2
411 443 1
424 443 1
425 443 1
445 443 1
444 444 1
647 444 1
669 444 3
14 445 1
453 445 1
198 446 1
112 447 1
209 447 2
305 447 1
439 447 1
446 447 1
671 447 5
132 448 1
435 448 1
514 448 1
170 449 2
241 449 7
418 449 1
457 449 1
461 449 1
463 449 2
269 450 1
424 450 2
434 450 5
435 450 1
458 450 1
462 450 1
468 450 1
513 450 24
668 450 1
129 451 1
436 451 1
673 451 2
714 452 2
460 453 1
75 454 1
424 454 1
435 454 3
436 454 2
464 454 2
673 454 2
127 455 1
192 455 2
434 455 1
448 455 21
457 455 4
476 455 11
376 456 1
409 456 1
462 456 2
476 456 5
513 456 1
33 457 5
93 457 1
241 457 1
340 457 1
365 457 3
461 457 2
44 458 1
282 458 1
423 458 2
465 458 4
497 458 6
69 459 1
93 459 4
418 459 1
476 459 1
502 459 1
513 459 1
667 459 1
44 460 1
69 460 1
228 460 2
253 460 1
274 460 17
365 460 1
410 460 1
447 460 1
474 460 1
489 460 1
512 460 1
461 461 1
470 461 2
17 462 1
40 462 2
132 462 1
207 462 6
228 462 1
241 462 1
410 462 1
418 462 1
445 462 1
472 462 1
476 462 1
664 462 7
14 463 5
17 463 7
20 463 1
25 463 7
26 463 5
64 463 1
92 463 17
119 463 1
123 463 9
150 463 4
151 463 3
166 463 2
184 463 1
187 463 4
192 463 1
196 463 12
197 463 1
282 463 2
308 463 14
325 463 1
340 463 9
351 463 1
395 463 3
418 463 1
427 463 18
475 463 3
493 463 1
496 463 1
532 463 21
680 463 2
82 464 1
195 464 1
418 464 3
423 464 1
432 464 1
434 464 1
439 464 1
448 464 1
454 464 1
462 464 4
475 464 1
483 464 3
534 464 1
676 464 1
44 465 2
415 465 5
439 465 4
445 465 1
457 465 1
61 466 1
243 466 1
376 466 1
408 466 1
418 466 8
451 466 1
463 466 1
497 466 1
499 466 10
507 466 1
674 466 2
699 466 1
700 466 2
444 467 1
445 467 1
449 467 1
505 467 1
14 468 1
34 468 1
43 468 1
78 468 3
128 468 1
149 468 1
165 468 1
181 468 6
182 468 1
210 468 7
245 468 2
305 468 1
355 468 1
379 468 2
382 468 2
610 468 1
686 468 1
154 469 3
9 470 1
81 470 1
193 470 1
411 471 1
463 471 1
480 471 1
515 472 1
418 473 1
476 473 2
171 474 1
411 474 3
669 474 1
699 474 1
424 475 27
456 475 2
476 475 1
480 475 1
484 475 1
644 475 11
45 476 1
77 476 2
163 476 1
314 476 5
370 476 2
379 476 1
381 476 1
487 476 3
62 477 1
150 477 2
233 477 1
258 477 1
311 477 1
412 477 28
413 477 1
424 477 3
443 477 5
446 477 2
455 477 2
468 477 2
473 477 21
494 477 20
501 477 2
510 477 19
514 477 1
618 477 1
668 477 23
467 478 1
522 478 1
226 479 8
319 479 3
478 479 5
490 479 1
604 479 1
630 479 1
712 479 1
14 480 20
20 480 2
98 480 1
224 480 1
230 480 1
264 480 2
357 480 2
382 480 2
554 480 1
579 480 1
610 480 1
685 480 2
712 480 3
721 480 1
121 481 1
240 481 1
388 481 1
574 481 1
594 481 3
662 481 1
462 482 1
225 483 1
442 483 1
464 483 3
494 483 1
500 483 1
528 483 1
32 484 4
39 484 1
72 484 6
90 484 1
97 484 1
131 484 1
150 484 18
243 484 1
258 484 11
265 484 1
286 484 1
303 484 9
305 484 1
310 484 1
340 484 3
344 484 1
351 484 1
412 484 4
419 484 7
421 484 11
423 484 2
425 484 2
442 484 3
443 484 1
446 484 20
454 484 1
461 484 1
467 484 4
468 484 16
473 484 1
476 484 1
499 484 2
501 484 10
522 484 3
548 484 1
714 484 13
92 485 2
207 485 1
652 485 1
669 485 1
141 486 1
408 486 1
418 486 1
497 486 1
684 486 1
498 487 1
192 488 1
500 488 1
650 488 1
667 488 1
104 489 3
450 489 1
31 490 2
38 490 1
48 490 2
310 490 10
428 490 2
475 490 3
497 490 22
499 490 2
542 490 12
111 491 1
200 491 1
219 491 1
377 491 2
669 491 3
14 492 1
43 492 1
47 492 1
83 492 2
151 492 4
153 492 1
162 492 1
165 492 14
174 492 3
175 492 1
176 492 1
188 492 1
191 492 3
199 492 2
208 492 1
209 492 1
233 492 13
241 492 2
249 492 5
252 492 1
256 492 1
260 492 1
280 492 1
287 492 1
322 492 1
346 492 1
356 492 1
372 492 7
392 492 1
422 492 1
487 492 1
491 492 1
504 492 3
506 492 1
543 492 1
564 492 1
572 492 3
604 492 1
611 492 2
643 492 1
647 492 1
707 492 3
709 492 23
713 492 1
721 492 1
193 493 1
408 493 2
658 493 1
507 494 1
673 494 1
4 495 1
14 495 10
128 495 16
266 495 1
274 495 1
351 495 1
20 496 1
27 496 1
38 496 3
53 496 1
99 496 2
101 496 14
104 496 1
122 496 1
150 496 8
180 496 6
188 496 1
207 496 1
251 496 4
265 496 1
274 496 4
312 496 1
340 496 2
351 496 2
395 496 2
398 496 1
403 496 1
427 496 12
454 496 1
584 496 1
628 496 1
651 496 3
698 496 1
303 497 1
440 497 1
386 498 1
537 498 1
470 499 1
412 500 5
421 500 1
448 500 1
461 500 2
486 500 9
44 501 18
92 501 1
195 501 1
228 501 1
304 501 2
416 501 1
418 501 11
453 501 1
454 501 18
455 501 1
463 501 1
31 502 5
38 502 1
104 502 1
243 502 1
304 502 1
430 502 1
442 502 1
446 502 1
479 502 2
499 502 1
507 502 1
647 502 1
669 502 2
674 502 1
699 502 1
44 503 1
76 503 2
92 503 1
308 503 1
425 503 1
432 503 1
442 503 1
446 503 13
473 503 15
489 503 2
514 503 1
1 504 5
25 504 14
33 504 11
40 504 1
42 504 3
43 504 2
45 504 2
49 504 1
53 504 1
82 504 7
88 504 1
90 504 3
96 504 2
104 504 5
118 504 4
129 504 1
150 504 7
180 504 1
197 504 4
202 504 1
209 504 3
243 504 6
244 504 1
258 504 1
261 504 1
265 504 1
274 504 6
301 504 1
303 504 1
325 504 40
331 504 1
340 504 3
351 504 4
378 504 11
387 504 1
390 504 2
453 504 1
469 504 5
477 504 1
515 504 1
586 504 1
655 504 1
656 504 1
684 504 4
88 505 1
127 505 4
192 505 1
233 505 1
273 505 2
274 505 1
303 505 1
340 505 1
445 505 7
517 505 2
568 505 3
621 505 1
635 505 1
678 505 14
697 505 1
153 506 4
613 506 1
705 506 2
102 507 1
367 507 1
696 507 1
53 508 3
382 508 3
448 508 1
512 508 1
651 508 1
434 509 1
482 509 1
510 509 14
209 510 8
241 510 2
323 510 1
414 510 5
443 510 12
459 510 1
468 510 1
473 510 1
561 510 1
567 511 1
576 511 1
640 511 1
719 511 1
160 512 1
217 512 2
312 512 1
372 512 7
385 512 1
546 512 1
565 512 1
574 512 2
617 512 1
705 512 1
104 513 1
251 513 1
46 514 6
50 514 1
76 514 1
92 514 2
108 514 1
133 514 2
135 514 8
175 514 2
193 514 1
195 514 3
206 514 1
282 514 12
287 514 1
381 514 2
382 514 4
414 514 3
419 514 2
423 514 2
462 514 2
473 514 1
489 514 18
490 514 1
497 514 2
501 514 1
507 514 1
510 514 3
541 514 1
614 514 1
649 514 1
699 514 4
714 514 1
154 515 1
549 515 1
569 515 5
610 515 1
4 516 1
427 516 7
498 516 1
651 516 1
665 516 1
41 517 2
42 517 1
188 517 1
314 517 2
372 517 1
392 517 6
545 517 2
553 517 4
589 517 1
646 517 1
653 517 13
656 517 3
663 517 1
681 517 1
689 517 2
693 517 1
696 517 1
197 518 1
225 518 1
410 518 1
644 518 1
650 518 1
684 518 1
446 519 8
496 520 1
31 521 2
48 521 1
444 521 2
475 521 1
1 522 1
14 522 3
17 522 1
18 522 3
30 522 1
31 522 7
41 522 3
46 522 1
48 522 2
49 522 1
53 522 1
54 522 1
59 522 1
72 522 3
76 522 5
89 522 1
91 522 9
120 522 1
122 522 5
150 522 53
166 522 3
188 522 1
194 522 5
209 522 16
220 522 4
224 522 9
241 522 2
260 522 14
271 522 3
282 522 2
291 522 1
303 522 3
308 522 2
331 522 1
340 522 7
342 522 4
351 522 4
365 522 13
402 522 1
423 522 1
454 522 10
468 522 2
500 522 1
501 522 1
536 522 1
560 522 2
565 522 1
594 522 1
604 522 1
680 522 1
683 522 1
84 523 1
537 523 1
371 524 1
122 525 2
149 525 1
174 525 3
179 525 7
192 525 1
275 525 1
278 525 1
293 525 2
333 525 1
353 525 1
386 525 2
394 525 1
422 525 2
554 525 1
594 525 1
611 525 1
653 525 21
28 526 1
95 526 1
100 526 1
326 526 1
372 526 1
693 526 2
442 527 1
489 527 3
9 528 5
25 528 1
33 528 16
48 528 1
88 528 1
141 528 1
143 528 1
150 528 1
180 528 1
197 528 2
226 528 1
242 528 2
274 528 23
297 528 1
303 528 1
308 528 16
340 528 1
369 528 5
384 528 1
514 528 1
515 528 1
557 528 7
651 528 1
670 528 1
690 528 3
5 529 1
36 529 4
45 529 18
88 529 1
159 529 1
211 529 1
223 529 1
230 529 1
280 529 1
355 529 7
392 529 1
543 529 1
557 529 1
566 529 1
607 529 1
627 529 1
631 529 4
653 529 1
672 529 1
681 529 3
690 529 3
14 530 1
638 531 1
688 531 1
693 531 1
29 532 4
172 532 10
284 532 1
532 532 1
574 532 1
576 532 1
618 532 1
639 532 3
669 532 1
25 533 2
120 533 1
128 533 1
183 533 1
308 533 1
321 533 1
14 534 5
15 534 1
21 534 17
29 534 1
31 534 1
150 534 7
179 534 1
291 534 1
340 534 1
422 534 23
557 534 4
628 534 1
645 534 1
684 534 1
277 535 2
372 535 1
380 535 1
549 535 1
613 535 1
636 535 1
639 535 4
643 535 1
680 535 1
518 536 2
531 536 4
582 536 1
586 536 1
587 536 1
590 536 3
632 536 3
638 536 1
646 536 1
663 536 1
675 536 1
676 536 1
681 536 3
687 536 4
691 536 1
211 537 6
617 537 6
717 537 2
185 538 1
214 538 1
552 538 1
610 538 7
613 538 12
620 538 1
290 539 2
571 539 1
587 539 2
602 539 1
72 540 2
180 540 1
188 540 1
334 540 1
555 541 1
648 541 1
712 541 1
582 542 1
675 542 1
726 542 2
288 543 3
557 543 3
646 543 1
2 544 3
164 544 3
381 544 1
531 544 1
563 544 3
635 544 1
678 544 1
560 545 2
615 545 1
212 546 11
248 546 1
598 546 3
634 546 1
675 546 1
681 546 1
177 547 1
645 547 1
463 548 2
563 548 1
581 548 1
141 549 1
213 549 5
566 549 2
616 549 1
625 549 1
633 549 1
653 549 18
142 550 1
160 550 1
518 550 5
565 550 1
567 550 1
704 550 1
721 550 4
100 551 2
596 551 1
653 551 3
675 551 4
45 552 1
478 552 7
549 552 1
567 552 3
593 552 1
610 552 3
618 552 1
639 552 1
643 552 3
709 552 2
132 553 1
252 553 1
275 553 2
394 553 1
543 553 4
563 553 2
567 553 2
568 553 1
575 553 1
628 553 1
685 553 1
691 553 18
694 553 1
537 554 1
551 554 5
557 554 6
564 554 1
659 554 1
545 555 1
585 556 2
632 556 2
627 557 1
531 558 3
98 559 1
192 559 1
574 559 1
585 559 3
592 559 1
635 559 1
677 559 3
575 560 1
625 560 2
635 560 2
637 560 1
656 560 1
675 560 1
676 560 1
680 560 1
701 560 2
717 560 1
142 561 1
277 561 2
478 561 1
506 561 1
519 561 9
560 561 21
580 561 1
617 561 2
637 561 1
692 561 3
693 561 2
705 561 18
15 562 1
578 562 1
592 562 1
72 563 1
154 563 1
181 563 1
531 563 2
543 563 8
567 563 1
569 563 4
578 563 1
579 563 1
592 563 1
607 563 1
653 563 1
672 563 2
691 563 1
694 563 1
695 563 1
707 563 1
211 564 1
551 564 1
555 564 7
580 564 1
590 564 2
635 564 1
643 564 1
681 564 4
694 564 1
707 564 2
721 564 1
581 565 3
94 566 1
314 566 14
593 566 1
679 566 2
696 566 2
697 566 7
680 567 2
695 567 2
701 567 4
288 568 11
591 568 1
717 568 1
49 569 1
70 569 4
72 569 1
73 569 1
101 569 2
120 569 1
132 569 3
183 569 1
192 569 1
252 569 3
508 569 1
557 569 1
579 569 1
647 569 1
686 569 2
203 570 1
586 570 5
591 570 3
635 570 1
361 571 3
587 571 1
612 571 1
633 571 1
634 571 2
643 571 1
372 572 1
478 572 1
636 572 2
660 572 2
708 572 1
553 573 1
561 573 1
571 573 1
589 573 1
672 573 1
211 574 1
621 574 2
634 574 1
637 574 2
686 574 1
691 574 2
607 575 1
72 576 1
130 576 1
574 576 3
586 576 3
605 576 1
607 576 14
616 576 1
652 576 2
653 576 3
662 576 2
715 576 1
179 577 1
555 577 3
634 577 1
394 578 1
557 578 1
566 578 1
569 578 2
14 579 6
114 579 1
128 579 4
145 579 1
148 579 2
172 579 5
258 579 1
278 579 1
291 579 1
481 579 2
554 579 4
563 579 2
568 579 1
629 579 2
645 579 1
596 580 1
561 581 1
633 581 1
660 581 1
675 581 1
141 582 2
152 582 1
209 582 1
281 582 1
558 582 3
4 583 1
14 583 11
16 583 1
47 583 1
146 583 1
173 583 1
194 583 14
208 583 1
284 583 1
286 583 1
345 583 1
367 583 1
463 583 1
573 583 1
587 583 2
600 583 1
631 583 1
650 583 1
696 583 1
727 583 1
583 584 1
621 584 2
696 584 1
163 585 1
280 585 2
517 585 1
696 585 1
271 586 1
290 586 1
407 586 1
604 586 1
659 586 4
714 586 1
168 587 1
245 587 2
370 587 1
557 587 4
614 587 1
616 587 1
661 587 1
356 588 8
545 588 2
560 588 1
565 588 1
613 588 3
618 588 1
682 588 1
693 588 1
622 589 1
629 590 1
656 590 2
589 591 1
681 591 1
610 592 4
47 593 1
125 593 4
210 593 1
267 593 1
397 593 1
567 593 6
568 593 1
611 593 4
677 593 3
697 593 1
577 594 1
589 594 1
625 594 1
656 594 1
720 594 1
181 595 1
379 595 1
589 595 1
612 595 1
102 596 1
172 596 2
229 596 10
290 596 1
379 596 2
496 596 1
604 596 1
210 597 1
583 597 2
614 597 2
677 597 2
290 598 1
221 599 1
574 599 2
677 599 1
593 600 2
607 600 1
613 600 1
617 600 2
635 600 2
653 600 6
694 600 2
708 600 1
720 600 1
135 601 1
551 601 2
570 601 1
634 601 1
552 602 2
615 602 1
693 602 1
589 603 1
643 603 1
644 603 2
663 603 1
59 604 1
288 604 2
592 605 1
154 606 3
531 606 6
551 606 22
569 606 2
586 606 1
587 606 1
633 606 1
643 606 1
675 606 2
679 606 1
681 606 53
563 607 1
575 607 1
577 607 2
627 607 2
637 607 1
199 608 1
205 608 1
214 608 1
357 608 1
571 608 1
575 608 1
625 608 1
685 608 1
141 609 4
179 609 2
675 609 1
72 610 1
569 610 1
701 610 5
660 611 1
592 612 2
636 612 6
5 613 1
631 613 1
632 613 2
675 613 1
686 613 3
561 614 1
571 615 7
589 615 1
639 615 1
694 615 1
463 616 3
556 616 1
574 616 1
581 616 2
635 616 1
642 616 1
609 617 1
616 617 2
288 618 2
584 618 2
630 618 1
675 618 4
202 619 1
603 619 1
609 619 1
623 619 5
636 619 1
638 619 1
640 619 1
643 619 8
663 619 1
712 619 1
254 620 1
634 620 3
639 620 1
688 620 1
721 620 1
640 621 1
675 621 2
681 621 3
694 621 3
681 622 1
679 623 1
531 624 1
550 624 1
568 624 1
570 624 1
572 624 1
580 624 2
590 624 1
603 624 1
625 624 3
643 624 1
672 624 4
675 624 1
676 624 11
677 624 3
720 624 15
424 625 3
448 625 2
583 626 1
645 626 4
659 626 1
717 626 1
623 627 1
637 627 3
680 627 1
30 628 2
76 628 1
225 628 1
243 628 23
244 628 1
301 628 1
444 628 3
480 628 2
647 628 5
664 628 3
674 628 1
72 629 1
214 629 1
549 629 1
659 629 1
682 629 1
650 630 1
481 631 1
532 631 2
706 632 1
223 633 2
653 633 2
308 634 4
430 634 1
444 634 1
664 634 1
4 635 6
14 635 12
20 635 3
25 635 4
26 635 1
32 635 9
38 635 1
44 635 1
48 635 10
55 635 2
56 635 5
66 635 3
71 635 7
75 635 1
88 635 7
90 635 4
94 635 1
112 635 3
149 635 10
150 635 26
188 635 1
191 635 1
193 635 6
195 635 16
196 635 2
222 635 5
244 635 2
250 635 3
282 635 6
293 635 20
305 635 1
314 635 1
315 635 1
340 635 7
351 635 23
363 635 2
384 635 1
400 635 1
417 635 19
426 635 8
443 635 5
448 635 1
509 635 1
512 635 1
515 635 2
520 635 1
542 635 2
556 635 1
583 635 1
591 635 1
599 635 1
604 635 1
624 635 1
626 635 6
628 635 3
639 635 1
661 635 1
652 636 1
561 637 1
637 637 8
640 637 1
59 638 4
82 638 2
187 638 1
291 638 2
454 638 1
531 638 1
667 638 1
552 639 1
553 639 2
570 639 6
580 639 1
589 639 2
598 639 6
609 639 1
648 639 1
712 639 3
571 640 4
616 640 1
630 640 1
633 640 1
680 640 4
551 641 1
571 641 1
598 641 1
634 641 1
638 641 1
646 641 3
556 642 1
567 642 1
637 642 1
662 642 1
143 643 5
531 643 3
704 643 1
458 644 1
505 644 12
515 644 5
664 644 1
669 644 1
700 644 2
87 645 1
503 646 1
632 646 2
413 647 1
463 647 1
464 647 1
129 648 1
304 648 1
308 648 1
428 648 2
647 648 1
669 648 1
408 649 1
415 649 3
458 649 1
485 649 1
507 649 4
469 650 1
667 650 8
671 650 4
589 651 1
639 651 1
681 651 1
673 652 1
700 652 1
410 653 1
462 653 1
476 653 1
314 654 1
315 654 1
637 654 3
679 654 1
127 655 2
698 656 1
707 656 1
167 657 1
211 657 1
681 657 4
652 658 5
717 658 1
154 659 1
564 659 1
580 659 1
587 659 1
612 659 1
679 659 3
681 659 1
552 660 5
569 660 1
588 660 1
589 660 1
601 660 2
637 660 1
691 660 1
694 660 1
639 661 5
663 661 1
82 662 1
98 662 1
101 662 3
122 662 1
127 662 2
141 662 19
150 662 5
152 662 4
207 662 5
209 662 13
233 662 6
243 662 1
282 662 27
293 662 1
303 662 11
304 662 1
340 662 4
363 662 2
398 662 1
417 662 2
427 662 2
453 662 3
461 662 1
475 662 1
494 662 1
515 662 1
524 662 7
530 662 1
532 662 1
556 662 1
558 662 14
584 662 1
585 662 1
623 662 2
627 662 1
655 662 1
665 662 4
669 662 6
689 662 1
160 663 1
200 663 2
249 663 2
311 663 2
347 663 1
377 663 3
503 663 1
629 663 1
685 663 1
721 663 3
235 664 1
574 664 2
580 664 1
593 664 9
625 664 2
632 664 3
636 664 1
676 664 1
551 665 2
575 665 3
577 665 2
578 665 1
584 665 1
586 665 1
589 665 17
623 665 3
625 665 4
627 665 7
639 665 1
640 665 1
652 665 1
675 665 1
676 665 1
686 665 1
604 666 7
613 666 1
722 666 2
209 667 2
211 667 1
531 667 3
549 667 1
551 667 6
590 667 1
603 667 1
605 667 1
638 667 1
652 667 1
657 667 1
661 667 1
663 667 1
672 667 3
675 667 2
677 667 1
681 667 1
697 667 1
720 667 11
567 668 1
579 668 2
592 668 1
629 668 1
634 668 1
677 668 22
690 668 2
712 668 2
716 668 1
609 669 1
560 670 7
153 671 1
229 671 1
373 671 1
545 671 1
565 671 1
576 671 1
588 671 1
610 671 2
693 671 1
637 672 1
646 672 1
648 672 2
704 672 1
29 673 1
579 673 1
616 673 1
643 673 1
666 673 1
675 673 1
678 673 1
712 673 1
487 674 1
575 674 1
677 674 2
678 674 3
149 675 1
150 675 1
278 675 9
340 675 1
718 675 1
331 676 1
61 677 7
93 677 1
499 677 1
210 678 1
212 678 1
217 678 1
347 678 1
492 678 1
622 678 1
677 678 1
701 678 1
2 679 1
14 679 1
150 679 2
245 679 1
281 679 1
634 680 1
561 681 6
598 681 1
604 681 1
638 681 1
643 681 2
646 681 1
704 681 1
712 681 2
716 681 1
597 682 3
36 683 1
151 683 1
201 683 1
388 683 8
394 683 1
487 683 1
517 683 12
566 683 1
572 683 1
574 683 3
653 683 1
661 683 1
662 683 1
683 683 1
694 683 1
708 683 1
640 684 1
707 684 1
140 685 1
180 685 1
397 685 1
492 685 1
570 685 1
229 686 3
422 686 1
555 686 1
615 686 9
709 686 1
107 687 1
205 687 1
295 687 2
532 687 2
200 688 1
143 689 1
545 689 5
551 689 3
552 689 2
19 690 2
20 690 3
52 690 1
53 690 2
67 690 3
72 690 1
122 690 1
150 690 1
179 690 7
180 690 1
189 690 1
191 690 1
206 690 1
222 690 1
258 690 1
274 690 3
277 690 1
282 690 11
287 690 1
290 690 1
323 690 1
340 690 6
392 690 1
398 690 1
448 690 1
600 690 1
458 691 7
460 691 1
616 692 1
675 692 1
552 693 3
609 693 1
683 693 1
716 693 1
575 694 1
592 694 1
616 694 4
680 694 1
582 695 1
643 695 1
262 696 1
572 696 1
693 696 1
102 697 1
280 697 1
4 698 1
14 698 4
71 698 1
144 698 1
150 698 1
174 698 2
209 698 1
233 698 5
247 698 1
256 698 1
290 698 1
314 698 2
315 698 2
340 698 1
401 698 8
637 698 1
662 698 1
698 698 1
380 699 1
620 699 1
724 699 7
290 700 1
589 700 2
718 700 14
277 701 1
