215 1 7
508 1 1
379 2 1
18 3 4
52 3 1
107 3 1
150 3 1
239 3 1
380 3 1
4 4 3
195 4 6
226 4 1
180 5 1
214 5 1
243 5 1
78 6 1
191 6 1
141 7 3
243 7 1
41 8 3
68 9 2
293 9 1
332 10 1
424 11 2
244 12 1
11 13 2
19 13 1
37 13 2
57 13 1
60 13 1
69 13 1
96 13 1
104 13 1
150 13 1
192 13 1
210 13 1
218 13 1
224 13 2
239 13 1
244 13 1
263 13 1
264 13 1
281 13 2
334 13 1
387 13 1
395 13 2
484 13 1
69 14 1
187 14 1
238 14 1
20 15 1
303 15 1
198 16 1
251 16 1
365 16 3
11 17 1
50 17 1
250 18 8
402 18 2
77 19 1
253 19 1
392 19 6
8 20 1
91 20 1
309 20 1
310 20 1
12 21 1
22 21 1
99 21 1
227 21 1
396 21 3
412 21 1
196 22 1
254 22 1
323 22 1
343 22 1
357 22 1
65 23 1
149 23 1
196 23 1
388 23 1
173 24 1
292 24 1
45 25 1
54 25 1
212 25 1
374 26 1
8 27 1
62 27 1
149 27 1
292 27 1
355 27 1
520 27 1
42 28 1
199 28 1
426 29 1
433 29 1
123 30 3
422 30 1
436 30 5
475 30 2
29 31 1
33 32 1
281 32 2
344 32 1
486 32 1
11 33 1
26 33 3
161 34 1
192 35 1
431 36 1
95 37 1
300 38 1
103 39 3
219 39 5
350 39 1
248 40 1
20 41 1
32 41 3
53 41 1
303 41 5
471 42 1
355 43 1
65 44 2
242 44 4
276 44 1
169 45 1
337 45 1
374 46 1
61 47 1
51 48 1
219 48 1
151 49 1
273 49 1
26 50 2
142 50 2
522 50 2
67 51 1
72 51 4
219 51 2
286 51 1
314 51 2
356 51 1
53 52 1
67 52 1
147 52 1
198 52 3
419 52 3
486 52 1
11 53 1
16 53 1
17 53 1
19 53 7
196 53 1
14 54 1
19 54 1
40 55 1
206 55 3
414 55 3
49 56 1
185 56 1
250 56 2
309 56 2
387 56 1
453 56 1
34 57 1
71 57 1
323 57 4
118 58 1
165 58 3
194 58 7
302 58 1
389 58 1
417 58 1
14 59 3
20 59 1
30 59 1
93 59 1
196 59 1
262 59 1
386 59 2
405 59 1
115 60 1
213 60 1
256 60 1
313 60 2
430 60 1
456 60 1
474 60 2
399 61 11
17 62 1
3 63 1
16 63 1
40 63 1
49 63 1
149 63 1
187 63 4
263 63 2
326 63 13
411 63 1
497 63 1
211 64 3
22 65 1
290 65 1
24 66 1
56 67 1
214 68 1
510 68 3
223 69 1
113 70 1
173 70 1
149 71 1
181 71 1
77 72 2
168 73 2
213 73 2
324 73 1
211 74 1
219 74 2
281 75 2
303 75 1
278 76 1
77 77 2
301 77 1
78 78 2
87 78 4
79 79 2
122 79 1
371 80 1
74 81 3
158 81 1
476 81 1
120 82 1
273 82 1
362 82 3
372 82 2
82 83 1
205 83 1
298 83 1
202 84 1
154 85 6
128 86 2
317 86 7
411 86 1
199 87 1
46 88 2
162 88 1
72 89 1
252 89 1
2 90 1
76 90 1
100 91 2
394 92 2
446 92 2
5 93 1
37 93 4
115 93 1
149 93 1
151 93 1
287 93 5
292 93 1
321 93 2
197 94 1
273 94 1
14 95 1
31 95 1
410 96 1
125 97 1
219 97 3
303 97 1
360 97 1
387 97 1
24 98 1
115 98 1
392 99 13
155 100 1
356 100 1
168 101 1
278 101 2
369 102 1
37 103 1
56 103 1
80 103 2
172 103 2
221 103 1
240 103 1
299 103 1
355 103 1
38 104 2
52 104 1
323 104 1
253 105 2
129 106 2
298 106 1
36 107 1
19 108 1
51 108 1
52 108 3
70 108 1
79 108 2
104 108 1
103 109 9
259 109 2
260 109 1
247 110 2
241 111 1
31 112 18
33 112 21
92 112 1
136 112 1
196 112 2
232 112 1
278 113 1
435 113 1
55 114 1
43 115 1
59 115 1
160 116 1
149 117 1
122 118 1
148 118 1
203 118 1
149 119 2
107 120 2
151 120 1
205 120 1
425 120 1
52 121 1
343 122 1
408 122 2
500 122 1
436 123 1
285 124 1
312 124 1
422 125 2
437 125 1
471 125 1
481 125 2
526 125 1
145 126 1
430 126 2
436 126 1
128 127 1
121 128 5
231 129 1
518 129 1
130 130 1
271 130 1
283 130 1
236 131 1
35 132 1
129 132 1
422 132 1
102 133 1
111 133 1
121 133 1
148 133 1
203 133 1
245 133 1
392 133 1
468 133 1
494 133 1
529 133 1
131 134 1
132 135 1
9 136 1
112 137 1
319 137 1
116 138 1
489 138 1
507 138 1
47 139 1
134 139 1
172 140 2
45 141 1
413 141 1
69 142 1
108 142 1
309 142 1
322 142 1
59 143 1
119 143 1
189 143 1
271 143 2
293 143 1
35 144 1
163 144 1
218 145 1
139 146 1
143 146 1
37 147 1
65 147 1
144 147 1
170 147 1
209 147 1
447 147 1
145 148 1
35 149 2
86 149 2
34 150 1
44 150 1
150 151 1
210 151 1
226 151 1
316 152 1
23 153 1
149 153 1
16 154 1
18 154 3
133 154 1
155 154 1
156 154 1
187 154 1
253 154 1
277 154 1
406 154 1
73 155 1
193 155 3
296 155 2
303 155 1
431 155 1
133 156 2
219 156 1
222 156 2
234 156 1
7 157 2
55 157 1
56 157 1
75 157 1
372 157 6
500 157 1
521 157 10
374 158 1
120 159 1
206 159 2
311 159 1
432 159 2
30 160 1
404 160 1
510 160 1
498 161 1
30 162 1
161 162 4
221 162 1
329 162 2
407 162 1
226 163 1
163 164 1
263 164 1
528 164 1
123 165 1
10 166 1
98 166 1
119 166 1
15 167 1
39 167 1
135 167 2
168 167 1
347 167 4
400 167 2
16 168 1
192 168 1
254 168 2
260 168 1
266 168 1
413 168 1
162 169 1
30 170 1
59 170 1
252 170 1
330 170 1
359 170 1
371 170 1
430 170 1
450 170 1
486 170 1
121 171 1
123 171 1
261 171 1
164 172 1
175 173 1
218 173 1
226 173 1
263 173 1
109 174 1
455 175 1
208 176 1
308 176 1
309 176 1
434 176 1
107 177 1
19 178 2
225 178 1
430 179 2
187 180 1
263 180 6
458 181 1
137 182 1
235 183 2
67 184 1
111 184 1
187 184 1
223 184 1
324 184 15
351 184 3
523 184 1
117 185 2
172 185 1
188 185 4
223 185 1
73 186 10
190 186 2
359 186 1
9 187 1
17 187 1
250 187 1
264 187 1
253 188 1
210 189 3
245 189 1
308 189 1
86 190 2
98 190 2
204 190 1
422 191 1
77 192 1
199 192 5
28 193 1
507 193 8
153 194 1
259 194 1
130 195 1
138 195 1
437 195 2
515 195 1
19 196 1
26 196 2
33 196 1
45 196 1
68 196 1
151 196 1
200 196 1
301 196 1
314 196 2
328 196 1
341 196 1
344 196 1
355 196 1
357 196 1
372 196 2
391 196 1
394 196 1
500 196 1
310 197 1
312 197 1
470 197 3
505 197 4
135 198 1
255 198 2
369 198 1
395 198 1
409 198 1
89 199 1
199 199 1
516 199 1
365 200 1
11 201 2
146 201 1
256 201 1
408 201 1
16 202 2
150 202 3
149 203 1
109 204 1
137 204 1
289 204 1
414 205 10
60 206 1
522 206 1
304 207 3
127 208 1
268 208 2
288 208 1
383 209 1
24 210 1
126 210 2
210 210 4
231 210 1
277 210 2
422 210 1
440 210 2
101 211 3
203 211 4
213 211 3
152 212 2
206 212 1
273 212 1
313 212 1
429 212 3
184 213 1
217 213 1
252 213 1
338 213 2
363 213 1
431 213 1
512 213 1
203 214 3
210 214 1
178 215 1
291 215 1
430 215 1
206 216 2
363 216 1
11 217 1
42 217 2
85 217 2
384 217 1
203 218 1
219 218 2
359 218 1
205 219 1
220 219 1
21 220 1
219 220 1
303 220 1
356 220 1
365 221 3
59 222 1
122 222 1
252 222 1
431 222 1
46 223 1
524 223 1
225 224 1
293 224 1
63 225 1
114 225 1
164 225 1
166 225 1
173 225 1
174 225 1
177 225 1
182 225 2
197 225 1
263 225 1
285 225 1
466 225 1
525 225 1
41 226 3
42 226 1
86 226 4
216 226 1
257 226 3
258 226 1
281 226 1
447 226 6
162 227 1
511 227 3
230 228 2
471 228 1
491 229 1
511 229 3
298 230 1
155 231 1
212 231 2
30 232 1
101 232 1
168 233 2
17 234 2
318 234 1
511 234 4
507 235 2
317 236 2
223 237 1
374 238 1
184 239 1
213 239 1
285 240 2
14 241 1
86 241 1
176 241 1
235 241 1
267 241 1
295 241 1
146 242 2
337 242 1
411 242 1
27 243 1
100 244 1
59 245 1
106 245 1
311 245 1
134 246 1
294 246 1
10 247 1
62 247 1
502 247 1
3 248 1
59 248 4
63 248 1
109 248 1
111 248 1
197 248 1
474 248 1
213 249 1
457 249 1
510 249 1
389 250 1
404 250 2
250 251 4
323 251 1
380 251 1
476 251 1
529 252 3
142 253 1
486 253 1
159 254 1
221 254 1
344 254 1
17 255 2
61 255 1
77 255 4
256 255 1
173 256 1
436 256 20
475 256 1
519 256 1
134 257 5
218 257 1
292 257 1
380 257 5
471 257 1
527 257 2
134 258 2
529 258 3
260 259 4
419 260 2
312 261 1
59 262 1
188 262 4
358 262 1
500 262 1
53 263 1
98 263 1
204 263 1
410 263 1
527 263 1
44 264 1
58 265 1
265 266 1
283 266 1
327 267 3
182 268 1
269 269 2
20 270 1
221 270 1
487 270 1
67 271 1
113 271 1
273 271 2
122 272 1
153 272 1
258 273 1
259 273 3
408 273 6
532 273 18
181 274 1
182 274 2
90 275 1
398 275 2
124 276 3
158 276 1
203 276 5
279 277 1
22 278 1
42 278 1
77 278 4
256 278 1
326 278 1
192 279 1
23 280 1
70 280 1
302 280 1
221 281 1
321 281 1
206 282 2
89 283 2
38 284 2
64 284 2
86 284 1
99 284 1
106 284 1
174 284 1
250 284 1
388 284 2
392 284 1
416 285 1
438 285 1
478 285 1
181 286 1
326 286 1
336 286 1
86 287 1
149 288 1
86 289 1
123 289 1
198 290 2
292 290 1
300 290 1
233 291 1
249 291 1
183 292 2
407 293 1
298 294 2
17 295 27
111 295 1
234 295 1
281 295 1
309 296 1
422 297 1
459 297 1
110 298 1
187 298 1
300 298 1
469 298 2
192 299 2
6 300 7
205 300 1
304 301 1
305 302 2
2 303 1
283 303 2
320 303 2
46 304 14
82 304 1
176 304 1
429 304 1
463 304 1
527 304 1
81 305 2
87 305 2
117 305 1
176 305 1
220 305 1
246 306 1
11 307 1
89 307 1
141 307 1
311 307 1
408 307 2
279 308 2
446 308 1
494 309 1
332 310 4
150 311 1
110 312 1
102 313 1
123 313 1
187 313 2
316 313 1
477 313 1
270 314 4
118 315 1
212 315 1
324 316 1
374 316 1
109 317 2
185 317 2
33 318 1
45 318 2
532 319 1
3 320 2
12 320 1
13 320 1
55 320 3
169 320 1
219 321 1
115 322 1
312 322 1
476 322 1
280 323 1
66 324 1
122 324 1
148 324 1
206 324 1
213 325 1
328 326 1
377 327 1
161 328 1
172 328 1
301 328 1
303 328 1
502 328 1
349 329 3
353 329 1
382 329 1
499 329 3
74 330 2
498 330 1
99 331 3
221 331 1
363 332 1
257 333 1
30 334 6
149 334 1
158 334 1
103 335 1
332 335 1
342 336 1
66 337 2
317 338 1
103 339 1
20 340 1
351 341 1
68 342 2
160 342 1
356 342 2
323 343 1
344 344 1
156 345 1
343 346 1
30 347 1
344 347 1
378 347 1
301 348 1
356 348 1
88 349 1
348 349 1
376 349 1
160 350 2
348 351 1
420 352 3
352 353 1
381 353 1
31 354 1
352 354 1
374 354 1
66 355 2
101 355 1
362 355 1
366 355 1
409 355 1
421 355 1
356 356 10
353 357 1
374 358 2
296 359 1
360 359 1
88 360 1
172 360 1
263 360 2
161 361 1
38 362 1
161 362 1
161 363 2
331 363 1
345 363 1
399 363 1
26 364 1
365 364 1
496 364 1
331 365 2
414 365 1
362 366 4
496 366 1
26 367 1
333 367 1
364 367 1
26 368 1
339 368 1
360 368 1
361 368 1
262 369 1
370 369 1
513 369 1
357 370 1
161 371 15
331 372 1
390 373 5
68 374 1
238 374 1
30 375 1
101 375 1
301 375 1
103 376 1
303 376 1
155 377 2
385 377 2
21 378 1
101 378 1
156 378 1
374 378 1
394 379 2
469 380 1
375 381 2
411 381 1
303 382 1
340 383 1
488 384 1
68 385 1
15 386 1
235 386 1
300 386 1
111 387 1
354 388 4
431 388 2
203 389 1
1 390 2
340 390 1
353 390 1
30 391 1
58 391 1
26 392 1
490 392 1
388 393 1
389 394 1
391 394 1
173 395 1
273 395 1
397 396 1
484 396 1
169 397 2
192 397 4
290 397 3
392 397 4
22 398 1
91 398 1
98 398 1
273 398 2
393 398 2
406 398 2
156 399 1
374 399 3
484 399 1
181 400 1
11 401 1
34 401 2
240 402 1
278 403 1
274 404 1
221 405 1
352 405 1
360 405 1
363 406 2
401 406 1
402 407 1
30 408 1
221 409 1
56 410 2
365 411 2
161 412 1
407 412 1
309 413 1
457 413 1
527 413 1
501 414 1
346 415 3
21 416 2
39 416 1
237 416 2
261 416 1
410 416 1
225 417 2
253 417 1
488 417 1
25 418 1
368 419 2
186 420 1
187 420 1
148 421 1
226 421 1
195 422 1
261 423 1
419 423 1
229 424 1
430 424 1
465 424 2
445 425 1
178 426 1
297 426 1
408 426 1
463 426 2
34 427 1
59 427 1
348 427 1
432 427 1
215 428 1
289 429 1
54 430 1
171 430 2
504 430 1
495 431 2
318 432 1
428 433 1
466 433 1
141 434 1
449 434 1
455 434 1
473 434 1
322 435 1
454 435 1
113 436 1
214 436 1
245 436 1
287 436 2
324 437 1
431 437 1
392 438 3
433 439 2
116 440 1
288 440 1
491 440 1
476 441 26
21 442 1
119 442 1
152 443 2
443 443 4
476 443 1
273 444 1
472 444 1
483 444 3
319 445 1
265 446 1
384 446 1
441 447 1
442 448 1
509 448 1
527 449 1
524 450 1
123 451 1
211 452 1
446 452 3
143 453 1
168 453 1
306 453 1
393 453 1
430 453 1
442 453 2
479 453 1
493 453 1
495 453 1
384 454 3
519 454 1
524 454 1
429 455 1
171 456 1
403 456 2
66 457 1
187 457 1
315 457 1
439 458 1
451 458 1
59 459 1
322 460 1
470 460 3
504 460 1
306 461 2
431 462 5
530 463 1
259 464 1
226 465 1
237 465 1
241 465 5
255 465 1
445 466 1
460 466 1
461 467 2
43 468 1
86 468 2
412 468 1
462 468 1
86 469 1
228 469 2
275 469 1
310 470 1
28 471 1
475 471 2
483 471 1
140 472 1
228 473 1
59 474 1
166 475 1
249 475 1
315 475 3
412 475 1
422 475 2
123 476 1
304 476 1
123 477 1
441 477 2
123 478 1
178 478 1
418 479 1
171 480 1
475 481 1
62 482 2
195 483 1
197 483 1
476 483 1
412 484 1
443 484 1
494 484 1
182 485 1
480 485 1
218 486 1
441 486 1
483 486 1
531 487 1
179 488 1
452 488 1
514 488 1
492 489 1
94 490 1
204 490 1
426 490 1
482 490 1
13 491 1
156 491 1
27 492 1
282 493 1
367 493 2
250 494 1
312 494 1
59 495 1
330 496 1
252 497 1
321 497 1
389 497 1
398 497 1
187 498 1
322 499 1
470 500 2
272 501 1
479 501 1
492 501 1
428 502 2
462 502 1
472 502 1
485 502 1
503 502 1
506 502 1
161 503 1
424 503 1
18 504 1
117 504 3
160 505 2
187 506 1
333 507 2
339 507 1
421 507 1
500 507 1
521 507 1
93 508 1
101 508 1
344 509 1
423 510 1
495 510 1
173 511 1
485 511 1
4 512 1
113 512 1
315 512 5
442 513 2
464 514 3
507 514 1
427 515 1
448 515 1
472 515 1
2 516 4
62 517 1
82 517 1
105 517 1
183 517 1
184 517 1
307 517 1
312 517 2
373 517 2
413 517 1
415 517 1
176 518 1
319 518 1
273 519 2
308 520 1
444 520 1
456 520 1
475 520 1
517 520 1
267 521 1
393 522 1
426 522 1
464 522 2
507 522 3
167 523 1
423 524 1
515 525 1
412 526 3
483 527 1
29 528 1
28 529 1
476 529 1
532 529 1
462 530 1
48 531 1
72 532 2
75 532 1
123 533 1
22 534 1
434 534 1
485 534 1
204 535 1
322 535 1
427 535 2
66 536 1
457 536 2
28 537 1
123 537 1
261 538 2
157 539 1
187 539 3
467 540 1
504 540 1
84 541 3
26 542 1
365 542 1
201 543 1
434 544 1
483 545 1
228 546 1
97 547 1
83 548 5
207 548 1
284 548 1
325 548 1
327 548 1
335 548 2
