56 1 1
70 1 1
221 1 1
235 1 2
245 1 1
357 1 1
2 2 1
135 2 1
217 2 1
331 2 1
495 2 5
533 2 1
33 3 1
654 3 1
4 4 1
22 4 2
28 4 1
63 4 1
76 4 1
82 4 1
110 4 2
129 4 1
134 4 2
177 4 1
231 4 1
277 4 1
286 4 1
289 4 1
298 4 1
368 4 2
406 4 4
508 4 1
530 4 1
631 4 1
659 4 1
5 5 3
106 5 1
122 5 1
178 5 2
205 5 1
230 5 1
320 5 1
585 5 2
707 5 2
114 6 2
205 6 5
225 6 1
286 6 2
7 7 1
28 7 1
79 7 1
103 7 1
193 7 1
221 7 1
428 7 1
566 7 1
302 8 3
710 8 1
58 9 2
123 9 4
156 9 1
185 9 1
213 9 1
261 9 2
264 9 3
322 9 1
325 9 1
357 9 1
360 9 1
428 9 1
537 9 1
651 9 1
686 9 2
10 10 1
107 10 1
121 10 1
123 10 1
186 10 2
243 10 2
250 10 1
4 11 1
24 11 1
25 11 1
129 11 2
185 11 1
383 11 1
705 11 1
25 12 2
51 12 1
87 12 1
235 12 2
237 12 1
238 12 1
293 12 1
364 12 2
368 12 1
671 12 1
96 13 1
109 13 2
231 13 1
291 13 1
349 13 2
364 13 1
711 13 1
11 14 2
12 14 2
14 14 2
18 14 1
58 14 2
63 14 3
67 14 1
69 14 1
72 14 3
76 14 1
93 14 1
147 14 1
182 14 1
206 14 2
238 14 1
245 14 1
277 14 1
293 14 1
306 14 1
316 14 1
360 14 1
401 14 2
404 14 1
406 14 1
428 14 1
433 14 2
533 14 1
537 14 1
554 14 2
357 15 4
492 15 1
530 15 1
16 16 2
17 16 1
18 16 1
22 16 2
24 16 3
25 16 2
66 16 1
76 16 1
230 16 1
316 16 1
406 16 1
537 16 1
17 17 1
23 17 1
56 17 1
67 17 1
107 17 1
130 17 1
158 17 1
245 17 1
277 17 1
315 17 1
342 17 1
404 17 1
521 17 1
686 17 4
49 18 1
112 18 2
142 18 1
222 18 2
237 18 1
309 18 1
355 18 1
19 19 1
54 19 1
68 19 1
72 19 2
76 19 3
168 19 1
195 19 1
202 19 1
274 19 1
306 19 1
342 19 1
386 19 4
406 19 5
668 19 1
26 20 1
87 20 1
231 20 2
539 20 1
651 20 1
17 21 1
26 21 1
28 21 1
64 21 1
112 21 1
142 21 1
182 21 2
238 21 3
277 21 1
404 21 1
417 21 1
651 21 2
56 22 1
76 22 1
85 22 1
121 22 1
129 22 1
169 22 1
187 22 1
206 22 1
231 22 1
277 22 1
537 22 1
589 22 3
16 23 3
127 23 1
150 23 7
390 23 1
420 23 1
428 23 1
668 23 1
12 24 1
24 24 3
26 24 1
32 24 1
341 24 1
631 24 2
12 25 1
16 25 1
19 25 1
22 25 3
25 25 11
26 25 1
28 25 1
34 25 1
79 25 1
114 25 1
182 25 1
226 25 1
262 25 1
346 25 1
364 25 2
406 25 1
428 25 1
433 25 3
537 25 1
4 26 1
14 26 1
22 26 1
26 26 1
28 26 4
76 26 1
277 26 1
521 26 1
70 27 1
134 27 7
140 27 1
318 27 1
347 27 1
686 27 1
13 28 1
28 28 4
68 28 2
79 28 1
108 28 2
112 28 6
149 28 1
231 28 3
238 28 1
277 28 2
303 28 2
341 28 1
349 28 5
503 28 1
508 28 3
29 29 3
101 29 3
107 29 1
149 29 1
164 29 1
268 29 2
298 29 1
320 29 2
324 29 1
331 29 1
340 29 1
388 29 1
402 29 1
624 29 1
696 29 3
17 30 1
22 30 1
25 30 1
51 30 1
64 30 1
72 30 2
105 30 1
107 30 1
117 30 1
121 30 1
182 30 1
226 30 1
306 30 1
539 30 2
636 30 1
686 30 1
3 31 1
18 31 1
24 31 2
31 31 1
32 31 1
38 31 1
41 31 1
49 31 2
58 31 2
72 31 2
93 31 2
114 31 1
128 31 1
130 31 3
192 31 1
194 31 1
197 31 1
198 31 1
244 31 1
267 31 1
277 31 1
310 31 1
332 31 1
436 31 1
456 31 1
485 31 1
521 31 2
534 31 1
554 31 1
622 31 2
654 31 1
671 31 1
673 31 1
32 32 1
76 32 2
94 32 2
148 32 1
196 32 2
198 32 1
364 32 1
383 32 2
480 32 1
659 32 1
32 33 1
38 33 2
39 33 1
57 33 2
63 33 1
72 33 2
76 33 1
85 33 1
130 33 1
132 33 3
158 33 1
168 33 2
187 33 2
225 33 1
269 33 2
273 33 3
287 33 1
306 33 2
370 33 1
372 33 1
381 33 2
408 33 1
432 33 1
453 33 1
481 33 3
654 33 1
661 33 1
21 34 1
79 34 1
112 34 2
206 34 1
238 34 1
346 34 2
378 34 1
19 35 1
35 35 3
114 35 1
146 35 1
162 35 1
214 35 2
265 35 2
282 35 1
556 35 5
36 36 2
44 36 1
131 36 3
151 36 1
153 36 1
160 36 1
180 36 1
199 36 1
208 36 1
212 36 1
217 36 1
223 36 2
303 36 1
307 36 1
320 36 1
352 36 1
394 36 1
403 36 1
538 36 1
570 36 1
587 36 1
618 36 1
650 36 1
666 36 2
674 36 1
681 36 2
690 36 2
180 37 1
205 37 1
220 37 1
6 38 1
9 38 1
10 38 2
14 38 1
38 38 4
42 38 1
56 38 1
72 38 2
74 38 2
102 38 1
120 38 4
125 38 1
130 38 3
131 38 1
132 38 2
209 38 3
221 38 1
224 38 2
228 38 4
229 38 1
235 38 1
242 38 7
264 38 1
269 38 1
281 38 1
298 38 2
299 38 1
301 38 1
313 38 1
328 38 1
395 38 2
396 38 1
422 38 1
453 38 2
456 38 2
459 38 1
471 38 2
474 38 1
475 38 2
480 38 1
505 38 1
521 38 6
671 38 3
672 38 1
676 38 1
33 39 1
38 39 1
67 39 1
72 39 1
198 39 1
273 39 1
383 39 1
22 40 1
38 40 1
41 40 1
66 40 1
74 40 1
474 40 1
4 41 1
64 41 1
79 41 2
323 41 4
365 41 3
584 41 1
711 41 1
136 42 2
382 42 1
509 42 2
44 43 1
96 43 6
205 43 2
267 43 1
323 43 1
333 43 1
338 43 1
357 43 1
38 44 2
39 44 1
63 44 1
113 44 1
191 44 1
192 44 1
194 44 2
198 44 1
242 44 1
269 44 1
296 44 1
328 44 1
381 44 1
46 45 1
59 45 1
68 45 1
103 45 1
171 45 1
200 45 1
203 45 1
217 45 1
238 45 1
270 45 1
347 45 1
351 45 1
557 45 1
668 45 1
15 46 3
24 46 1
124 46 1
168 46 2
345 46 1
366 46 1
401 46 1
451 46 1
686 46 1
16 47 2
48 47 1
95 47 1
282 47 1
325 47 1
328 47 1
530 47 2
30 48 1
38 48 1
194 48 2
364 48 2
381 48 1
401 48 1
590 48 1
687 48 1
56 49 1
117 49 1
245 49 1
310 49 1
390 49 1
651 49 1
51 50 2
92 50 5
93 50 1
141 50 1
330 50 1
383 50 4
480 50 1
4 51 1
38 51 4
53 51 1
70 51 1
255 51 1
266 51 1
313 51 3
702 51 2
150 52 1
19 53 2
55 53 2
79 53 1
246 53 1
248 53 1
296 53 1
298 53 1
300 53 1
364 53 2
368 53 1
386 53 1
535 53 2
22 54 1
55 54 1
56 54 1
114 54 1
185 54 1
215 54 1
250 54 1
357 54 1
392 54 1
482 54 1
102 55 6
113 55 1
121 55 1
172 55 1
315 55 1
521 55 1
528 55 1
11 56 5
87 56 1
196 56 1
227 56 2
255 56 1
59 57 1
81 57 1
97 57 1
127 57 1
181 57 1
193 57 3
200 57 1
238 57 1
280 57 1
365 57 1
391 57 1
413 57 1
14 58 1
63 58 1
128 58 1
130 58 1
182 58 1
186 58 1
187 58 1
222 58 1
240 58 2
242 58 1
247 58 4
263 58 1
285 58 1
311 58 3
357 58 1
14 59 1
28 59 1
142 59 1
145 59 1
168 59 2
187 59 1
253 59 1
261 59 2
263 59 1
301 59 1
307 59 2
328 59 1
338 59 1
392 59 1
589 59 1
600 59 1
661 59 1
24 60 1
31 60 3
33 60 1
38 60 2
49 60 2
69 60 1
82 60 1
113 60 1
130 60 1
133 60 1
190 60 1
226 60 2
269 60 1
306 60 1
338 60 1
396 60 1
521 60 1
33 61 1
65 61 2
68 61 1
119 61 5
123 61 1
143 61 2
145 61 2
185 61 2
187 61 3
213 61 1
222 61 2
568 61 1
21 62 1
202 62 1
39 63 2
69 63 1
219 63 3
287 63 2
351 63 1
669 63 1
66 64 1
113 64 1
158 64 1
18 65 1
38 65 2
133 65 2
150 65 1
206 65 1
237 65 1
348 65 1
363 65 1
404 65 1
619 65 1
549 66 2
18 67 1
19 67 1
24 67 1
68 67 1
69 67 1
71 67 2
73 67 1
181 67 1
196 67 1
207 67 1
213 67 1
226 67 1
255 67 2
293 67 1
357 67 1
537 67 6
87 68 1
188 68 1
300 68 1
342 68 1
14 69 2
38 69 1
66 69 1
74 69 1
130 69 1
150 69 1
188 69 1
250 69 2
433 69 3
530 69 1
554 69 1
33 70 2
38 70 2
39 70 2
51 70 1
86 70 2
107 70 1
109 70 2
117 70 1
130 70 3
136 70 1
177 70 1
233 70 1
237 70 1
298 70 1
300 70 1
313 70 1
322 70 1
355 70 1
366 70 1
383 70 2
428 70 1
453 70 1
456 70 1
469 70 2
521 70 2
537 70 1
35 71 1
36 71 1
42 71 1
55 71 2
73 71 2
98 71 1
115 71 1
144 71 1
153 71 1
177 71 1
187 71 2
208 71 1
240 71 1
261 71 1
272 71 1
307 71 1
323 71 1
339 71 1
369 71 3
394 71 2
412 71 2
545 71 3
600 71 1
622 71 1
626 71 1
685 71 1
723 71 3
255 72 4
335 72 1
549 72 2
651 72 1
666 72 1
672 72 1
28 73 1
65 73 1
79 73 1
112 73 5
181 73 2
200 73 1
216 73 1
238 73 3
270 73 2
298 73 1
316 73 2
509 73 1
712 73 1
14 74 1
15 74 2
54 74 1
76 74 1
93 74 1
208 74 1
226 74 4
231 74 1
235 74 1
289 74 1
290 74 1
306 74 1
406 74 1
492 74 1
513 74 6
563 74 1
714 74 1
22 75 1
32 75 1
39 75 1
49 75 1
57 75 1
72 75 2
130 75 3
138 75 1
209 75 1
318 75 1
476 75 1
512 75 1
653 75 1
661 75 1
28 76 1
38 76 1
55 76 1
63 76 2
78 76 1
123 76 1
130 76 1
150 76 1
185 76 1
186 76 1
187 76 3
190 76 1
213 76 1
250 76 2
260 76 2
275 76 1
341 76 1
357 76 1
360 76 2
396 76 1
406 76 1
564 76 3
651 76 1
655 76 1
24 77 1
28 77 1
96 77 1
206 77 1
231 77 2
238 77 2
277 77 1
368 77 1
382 77 1
624 77 1
631 77 2
543 78 1
16 79 1
42 79 1
61 79 1
76 79 5
81 79 2
97 79 5
119 79 1
140 79 1
202 79 2
205 79 1
221 79 3
234 79 1
251 79 2
291 79 3
338 79 3
651 79 2
10 80 1
19 80 1
33 80 1
38 80 1
47 80 1
100 80 1
130 80 1
188 80 1
341 80 1
420 80 6
474 80 1
516 80 1
530 80 1
84 81 1
142 81 1
145 81 1
227 81 2
263 81 2
292 81 3
316 81 1
321 81 1
339 81 1
369 81 1
437 81 1
192 82 2
345 82 1
88 83 3
128 83 2
130 83 2
225 83 1
348 83 1
4 84 1
6 84 1
11 84 2
14 84 2
16 84 2
20 84 1
22 84 4
24 84 1
33 84 1
38 84 1
68 84 1
72 84 1
76 84 4
87 84 2
96 84 1
112 84 2
117 84 1
150 84 1
206 84 1
289 84 1
325 84 1
338 84 1
345 84 1
402 84 1
533 84 1
714 84 1
25 85 1
65 85 1
96 85 1
399 85 3
406 85 1
5 86 1
14 86 2
89 86 2
280 86 1
297 86 1
339 86 1
377 86 1
412 86 1
507 86 1
9 87 2
51 87 1
53 87 1
64 87 1
81 87 2
99 87 1
114 87 1
123 87 1
186 87 4
187 87 2
189 87 1
221 87 1
225 87 2
260 87 1
311 87 2
323 87 1
338 87 1
396 87 1
537 87 1
543 87 1
575 87 1
14 88 1
91 88 1
208 88 1
226 88 1
246 88 1
18 89 1
73 89 1
78 89 1
85 89 1
92 89 3
149 89 1
168 89 2
261 89 1
287 89 1
332 89 1
339 89 1
391 89 2
457 89 1
661 89 1
4 90 1
186 90 1
206 90 1
229 90 1
235 90 1
247 90 1
330 90 1
383 90 2
391 90 1
408 90 3
456 90 1
651 90 1
661 90 1
14 91 1
30 91 1
32 91 1
38 91 1
39 91 1
49 91 5
62 91 1
120 91 1
235 91 1
237 91 1
244 91 1
429 91 1
434 91 1
521 91 1
686 91 2
2 92 1
46 92 1
95 92 1
131 92 2
181 92 2
211 92 1
319 92 1
320 92 4
385 92 1
386 92 2
538 92 1
545 92 1
700 92 1
717 92 1
28 93 1
112 93 1
165 93 1
245 93 1
252 93 1
317 93 1
399 93 1
32 94 1
52 94 1
72 94 1
81 94 2
97 94 4
112 94 1
139 94 1
147 94 3
158 94 1
160 94 1
185 94 1
205 94 1
217 94 1
219 94 1
237 94 1
257 94 2
306 94 1
316 94 2
322 94 1
325 94 2
341 94 1
352 94 3
377 94 2
379 94 1
555 94 1
705 94 2
712 94 1
9 95 2
73 95 2
81 95 1
134 95 2
143 95 1
144 95 1
157 95 2
187 95 1
243 95 2
250 95 3
284 95 1
321 95 1
354 95 1
369 95 1
391 95 1
563 95 1
99 96 1
124 96 1
372 96 5
11 97 2
38 97 1
185 97 1
339 97 1
401 97 1
108 98 1
161 98 2
164 98 2
320 98 2
331 98 1
362 98 2
509 98 1
538 98 2
102 99 1
113 99 1
130 99 1
242 99 1
263 99 1
474 99 3
661 99 2
2 100 1
28 100 1
35 100 1
103 100 5
131 100 1
149 100 2
151 100 2
181 100 1
249 100 5
276 100 2
291 100 1
374 100 1
379 100 2
402 100 1
495 100 4
536 100 1
619 100 1
623 100 1
216 101 4
401 101 4
17 102 1
32 102 1
53 102 1
54 102 1
72 102 2
93 102 1
102 102 1
105 102 1
158 102 1
170 102 1
172 102 1
207 102 1
348 102 1
523 102 3
10 103 1
85 103 1
122 103 1
187 103 7
188 103 1
368 103 3
4 104 1
79 104 1
107 104 2
164 104 5
177 104 1
187 104 2
191 104 2
280 104 1
306 104 2
381 104 2
428 104 1
505 104 3
537 104 2
46 105 1
79 105 1
97 105 2
177 105 1
233 105 1
238 105 3
305 105 2
316 105 1
602 105 1
181 106 2
214 106 1
252 106 2
386 106 3
391 106 5
398 106 1
571 106 2
133 107 2
255 107 1
95 108 1
167 108 1
218 108 1
334 108 1
361 108 2
509 108 1
550 108 1
562 108 1
576 108 1
691 108 1
28 109 1
105 109 1
112 109 4
119 109 1
233 109 1
262 109 2
278 109 1
282 109 3
346 109 2
497 109 1
503 109 1
32 110 1
57 110 1
76 110 1
100 110 1
102 110 1
148 110 1
229 110 4
237 110 1
245 110 1
369 110 1
435 110 2
436 110 1
471 110 1
547 110 1
675 110 5
4 111 2
102 111 1
107 111 1
114 111 1
128 111 2
353 111 1
379 111 2
391 111 2
514 111 1
631 111 1
36 112 1
221 112 1
292 112 1
156 113 1
168 113 1
187 113 1
307 113 1
344 113 1
474 113 1
10 114 1
31 114 1
32 114 1
33 114 2
38 114 1
107 114 1
117 114 1
130 114 2
194 114 2
237 114 2
242 114 1
244 114 1
250 114 2
401 114 1
437 114 2
444 114 1
512 114 1
521 114 1
659 114 1
14 115 3
208 116 2
262 116 4
316 116 3
94 117 2
100 117 1
102 117 1
195 117 1
323 117 1
456 117 1
14 118 1
36 118 1
57 118 1
64 118 1
121 118 1
132 118 1
255 118 2
328 118 1
340 118 2
366 118 1
368 118 1
383 118 1
454 118 1
549 118 2
143 119 1
184 119 2
186 119 1
297 119 2
509 119 1
54 120 1
57 120 1
113 120 1
123 120 1
142 120 2
188 120 1
275 120 1
296 120 1
311 120 1
323 120 3
360 120 1
403 120 1
481 120 1
589 120 1
26 121 1
54 122 1
136 122 1
425 122 2
35 123 1
126 123 1
146 123 2
158 123 2
181 123 2
184 123 1
256 123 1
320 123 2
328 123 1
382 123 2
385 123 3
386 123 1
495 123 1
714 123 1
6 124 1
56 124 1
58 124 1
116 124 1
33 125 2
92 125 3
128 125 4
132 125 1
169 125 2
188 125 2
222 125 2
229 125 5
269 125 3
279 125 1
295 125 1
318 125 2
370 125 1
423 125 1
450 125 4
549 125 1
7 126 2
69 126 2
72 126 1
79 126 1
91 126 2
96 126 1
112 126 1
206 126 1
248 126 1
410 126 1
502 126 1
551 126 1
16 127 1
24 127 1
31 127 2
51 127 1
57 127 1
72 127 1
120 127 1
130 127 2
165 127 2
182 127 3
194 127 1
219 127 1
245 127 1
264 127 2
313 127 1
327 127 1
328 127 1
348 127 2
423 127 1
424 127 1
436 127 2
448 127 3
459 127 1
461 127 4
480 127 1
505 127 1
530 127 1
541 127 1
549 127 1
658 127 1
673 127 1
5 128 2
265 128 4
278 128 1
282 128 2
320 128 1
344 128 1
377 128 1
386 128 1
113 129 1
128 129 1
132 129 8
194 129 1
229 129 1
269 129 1
296 129 1
309 129 1
381 129 2
423 129 2
450 129 1
479 129 4
16 130 1
23 130 1
31 130 1
38 130 1
39 130 1
47 130 1
57 130 2
67 130 1
82 130 1
121 130 2
231 130 1
392 130 1
651 130 2
9 131 10
10 131 4
186 131 5
196 131 4
269 131 2
399 131 3
530 131 1
73 132 1
122 132 1
161 132 1
192 132 1
203 132 1
241 132 3
287 132 3
320 132 1
337 132 1
394 132 1
530 132 1
114 133 1
193 133 3
205 133 3
320 133 1
421 133 1
530 133 3
92 134 1
142 134 2
162 134 1
181 134 1
205 134 1
263 134 1
312 134 1
398 134 1
517 134 1
600 134 2
713 134 2
313 135 1
456 135 3
127 136 2
320 136 1
35 137 3
95 137 1
97 137 1
111 137 1
140 137 3
151 137 2
208 137 1
282 137 1
361 137 4
362 137 1
492 137 1
497 137 1
602 137 1
225 138 1
284 138 1
340 138 1
352 138 1
377 138 1
648 138 1
48 139 1
81 139 2
142 139 1
152 139 2
183 139 1
187 139 1
221 139 1
225 139 1
227 139 1
261 139 1
263 139 2
275 139 1
311 139 1
321 139 1
390 139 1
392 139 1
399 139 1
589 139 1
622 139 1
639 139 1
672 139 1
286 140 1
628 140 1
55 141 1
109 141 1
136 141 1
143 141 5
144 141 5
199 141 1
213 141 1
261 141 1
333 141 2
394 141 1
407 141 2
497 141 1
533 141 1
564 141 4
574 141 1
605 141 1
622 141 2
716 141 1
5 142 1
48 142 1
63 142 1
141 142 1
161 142 1
177 142 1
203 142 1
243 142 1
259 142 1
261 142 1
278 142 2
306 142 1
338 142 1
359 142 1
368 142 1
369 142 1
394 142 2
530 142 1
559 142 1
627 142 1
636 142 1
699 142 1
707 142 2
714 142 1
81 143 1
145 143 2
159 143 1
187 143 1
227 143 1
307 143 2
331 143 1
392 143 1
633 143 1
146 144 4
172 144 1
185 144 1
221 144 1
280 144 2
319 144 2
386 144 1
497 144 2
624 144 1
692 144 4
36 145 1
44 145 3
147 145 1
159 145 1
217 145 1
333 145 1
546 145 1
582 145 2
609 145 2
691 145 3
98 146 1
142 146 1
186 146 2
221 146 1
253 146 2
261 146 1
263 146 2
275 146 1
285 146 3
297 146 1
338 146 1
339 146 4
354 146 2
360 146 2
407 146 1
411 146 1
67 147 1
97 147 1
103 147 1
107 147 2
111 147 1
148 147 1
149 147 7
161 147 1
164 147 4
175 147 3
179 147 1
181 147 1
199 147 2
205 147 1
214 147 5
218 147 3
243 147 1
256 147 1
280 147 3
282 147 1
289 147 2
291 147 3
312 147 2
321 147 1
423 147 1
533 147 2
574 147 1
619 147 1
9 148 1
188 148 1
232 148 1
284 148 1
322 148 1
5 149 1
36 149 1
100 149 1
151 149 2
153 149 1
159 149 1
205 149 1
217 149 1
282 149 1
320 149 2
386 149 1
693 149 2
714 149 2
38 150 1
63 150 1
81 150 1
83 150 3
152 150 2
183 150 1
222 150 1
243 150 1
263 150 1
264 150 1
275 150 1
285 150 1
311 150 1
321 150 1
325 150 2
360 150 1
392 150 1
411 150 1
35 151 1
111 151 1
153 151 4
180 151 1
216 151 1
217 151 1
259 151 1
320 151 1
340 151 2
383 151 1
386 151 1
509 151 1
550 151 1
696 151 1
709 151 1
710 151 2
147 152 1
154 152 3
216 152 2
298 152 1
526 152 2
562 152 1
656 152 1
681 152 1
693 152 1
23 153 3
67 153 3
177 153 2
269 153 1
75 154 3
156 154 2
225 154 3
323 154 1
509 154 1
102 155 1
106 155 2
214 155 1
265 155 1
269 155 2
321 155 1
331 155 2
478 155 1
538 155 1
557 155 1
580 155 1
633 155 1
150 156 1
186 156 1
221 156 2
277 156 1
312 156 1
448 156 2
555 156 1
5 157 2
114 157 1
141 157 2
161 157 2
239 157 2
265 157 1
280 157 1
331 157 1
359 157 2
398 157 1
402 157 1
530 157 1
550 157 2
623 157 1
636 157 1
2 158 1
79 158 1
103 158 1
111 158 1
290 158 1
492 158 1
533 158 1
149 159 1
171 159 1
291 159 1
350 159 2
146 160 1
149 160 1
156 160 1
161 160 4
203 160 1
205 160 1
220 160 3
243 160 2
256 160 2
394 160 3
559 160 1
582 160 2
36 161 2
179 161 1
183 161 1
208 161 2
214 161 1
236 161 1
284 161 1
530 161 1
550 161 3
687 161 2
509 162 2
567 162 2
610 162 1
687 162 1
701 162 1
161 163 1
164 163 2
171 163 1
256 163 2
262 163 2
290 163 1
299 163 3
300 163 2
351 163 1
387 163 3
397 163 1
405 163 1
67 164 1
72 164 1
74 164 1
428 164 1
449 164 1
530 164 1
2 165 1
223 165 2
269 165 1
282 165 1
307 165 1
328 165 1
374 165 1
386 165 2
545 165 2
652 165 1
662 165 1
111 166 1
167 166 1
208 166 1
210 166 1
552 166 1
709 166 2
33 167 1
47 167 2
72 167 1
168 167 2
188 167 2
221 167 1
264 167 1
285 167 3
296 167 2
312 167 1
321 167 2
328 167 2
366 167 1
368 167 1
390 167 1
396 167 1
517 167 1
543 167 2
100 168 1
273 168 2
312 168 2
686 168 3
17 169 1
81 170 1
103 170 1
149 170 1
153 170 1
164 170 1
171 170 1
176 170 1
181 170 2
216 170 2
238 170 4
248 170 1
280 170 2
317 170 1
379 170 1
387 170 1
408 170 1
546 170 2
592 170 1
602 170 1
621 170 1
710 170 2
87 171 1
161 171 1
205 171 1
243 171 5
258 171 1
474 171 1
686 171 3
719 171 1
5 172 1
135 172 1
164 172 1
173 172 1
184 172 1
497 172 1
545 172 2
687 172 1
71 173 3
701 173 1
234 174 1
176 175 2
368 175 1
554 175 1
6 176 1
24 176 1
38 176 1
112 176 3
185 176 1
233 176 1
238 176 1
316 176 4
370 176 1
378 176 2
428 176 2
619 176 1
135 177 1
153 177 1
178 177 2
186 177 2
331 177 1
338 177 1
353 177 1
398 177 1
497 177 1
538 177 1
569 177 1
626 177 1
677 177 1
701 177 1
707 177 1
46 178 1
104 178 1
205 178 5
482 178 3
141 179 1
150 179 2
154 179 1
175 179 2
184 179 1
185 179 2
208 179 1
211 179 1
231 179 1
268 179 2
278 179 1
352 179 1
361 179 2
386 179 1
405 179 1
620 179 1
680 179 1
701 179 1
44 180 1
46 180 2
103 180 5
112 180 6
147 180 2
149 180 2
162 180 2
164 180 4
181 180 22
184 180 1
200 180 2
221 180 2
282 180 2
293 180 1
351 180 1
352 180 1
373 180 1
378 180 1
384 180 2
387 180 2
391 180 2
410 180 3
497 180 3
550 180 2
710 180 2
23 181 1
182 181 3
651 181 3
61 182 1
74 182 1
142 182 4
145 182 1
155 182 1
173 182 1
183 182 1
187 182 1
338 182 2
149 183 1
184 183 2
193 183 1
208 183 1
216 183 2
290 183 2
291 183 2
36 184 2
49 184 2
62 184 1
72 184 1
73 184 3
75 184 3
76 184 1
88 184 2
105 184 3
106 184 2
119 184 1
185 184 3
188 184 1
191 184 1
206 184 1
208 184 3
214 184 1
221 184 6
222 184 2
231 184 1
234 184 1
235 184 2
278 184 1
338 184 2
371 184 3
399 184 1
427 184 1
428 184 3
482 184 3
550 184 1
602 184 1
610 184 3
680 184 1
714 184 1
20 185 1
54 185 1
60 185 3
81 185 1
110 185 1
144 185 1
186 185 3
218 185 1
221 185 1
228 185 1
255 185 2
269 185 1
278 185 1
298 185 1
322 185 1
325 185 1
328 185 4
338 185 3
360 185 2
370 185 3
396 185 3
530 185 3
543 185 2
668 185 2
705 185 1
12 186 2
34 186 3
38 186 2
39 186 1
54 186 1
68 186 1
96 186 1
123 186 1
172 186 1
183 186 1
186 186 1
187 186 1
190 186 2
222 186 4
228 186 1
242 186 1
267 186 3
269 186 3
287 186 2
315 186 3
321 186 1
332 186 2
338 186 3
344 186 1
357 186 1
360 186 2
402 186 1
522 186 2
530 186 1
545 186 2
661 186 1
703 186 10
60 187 1
98 187 1
150 187 1
311 187 1
323 187 3
325 187 1
455 187 1
458 187 3
17 188 1
18 188 1
38 188 1
73 188 1
81 188 3
83 188 1
187 188 1
188 188 1
189 188 2
235 188 1
242 188 1
264 188 1
308 188 2
312 188 2
323 188 1
325 188 1
338 188 1
344 188 1
530 188 1
98 189 1
188 189 1
190 189 7
205 189 1
243 189 1
254 189 1
285 189 1
308 189 1
321 189 2
345 189 1
428 189 1
604 189 1
647 189 1
686 189 1
158 190 1
324 190 1
422 190 1
459 190 1
467 190 1
5 191 1
38 191 1
39 191 1
57 191 1
107 191 1
113 191 1
192 191 2
209 191 1
269 191 1
280 191 1
285 191 1
287 191 2
381 191 1
448 191 1
453 191 3
476 191 1
484 191 1
520 191 1
540 191 1
542 191 1
648 191 2
686 191 1
103 192 1
104 192 2
181 192 1
193 192 3
270 192 1
379 192 1
623 192 1
14 193 1
17 193 1
38 193 1
39 193 5
49 193 1
57 193 1
85 193 1
105 193 2
128 193 1
134 193 1
190 193 1
194 193 4
237 193 1
250 193 1
254 193 1
267 193 1
269 193 2
309 193 1
323 193 1
328 193 1
352 193 1
381 193 3
383 193 3
401 193 1
429 193 1
450 193 1
456 193 1
476 193 1
479 193 2
487 193 2
505 193 1
506 193 1
522 193 1
631 193 2
703 193 1
130 194 1
226 194 2
368 194 1
14 195 1
93 195 1
99 195 2
235 195 1
245 195 1
537 195 1
83 196 1
128 196 2
130 196 3
150 196 1
197 196 5
198 196 3
222 196 1
269 196 1
345 196 3
401 196 1
420 196 1
431 196 1
435 196 1
459 196 2
460 196 2
468 196 1
473 196 1
485 196 1
506 196 1
530 196 1
671 196 3
715 196 2
31 197 1
38 197 1
72 197 1
100 197 2
128 197 4
130 197 2
132 197 1
187 197 1
221 197 1
401 197 1
424 197 5
431 197 1
456 197 1
461 197 1
473 197 4
475 197 4
476 197 1
478 197 1
494 197 1
518 197 2
527 197 2
530 197 6
702 197 1
715 197 2
28 198 2
75 198 1
177 198 1
181 198 1
185 198 1
200 198 1
230 198 1
251 198 1
291 198 1
329 198 1
351 198 2
2 199 1
171 199 3
201 199 1
530 199 1
552 199 1
608 199 2
11 200 2
76 200 1
79 200 1
202 200 1
235 200 1
131 201 4
146 201 3
159 201 1
167 201 1
282 201 1
352 201 1
149 202 2
167 202 2
181 202 1
268 202 2
328 202 1
532 202 2
562 202 1
205 203 3
218 203 3
221 203 2
243 203 4
250 203 5
251 203 1
290 203 1
296 203 1
312 203 2
328 203 2
338 203 1
388 203 3
691 203 1
4 204 1
14 204 1
15 204 1
64 204 1
81 204 1
155 204 1
158 204 1
205 204 1
330 204 1
341 204 1
360 204 3
364 204 1
306 205 1
507 205 1
651 205 1
29 206 1
35 206 1
36 206 2
48 206 1
127 206 1
140 206 1
159 206 1
161 206 1
162 206 2
178 206 1
198 206 1
199 206 1
208 206 4
211 206 2
257 206 1
319 206 1
369 206 1
374 206 1
377 206 1
509 206 2
550 206 1
557 206 1
587 206 1
598 206 1
677 206 1
680 206 2
691 206 1
693 206 1
707 206 2
709 206 1
22 207 1
38 207 3
67 207 1
124 207 1
189 207 1
209 207 3
222 207 1
228 207 5
344 207 1
345 207 1
456 207 1
461 207 1
46 208 1
282 208 1
319 208 1
509 208 2
552 208 1
556 208 1
583 208 2
610 208 2
111 209 2
141 209 1
149 209 1
162 209 3
166 209 2
167 209 2
211 209 3
214 209 1
286 209 2
290 209 1
320 209 1
340 209 1
374 209 1
377 209 1
386 209 1
402 209 1
403 209 1
495 209 2
530 209 2
550 209 1
590 209 1
594 209 1
609 209 1
647 209 3
5 210 1
122 210 1
159 210 1
208 210 1
340 210 5
386 210 2
578 210 3
691 210 1
696 210 1
116 211 1
122 211 1
143 211 1
172 211 4
183 211 1
213 211 1
263 211 6
307 211 1
312 211 1
328 211 2
332 211 1
563 211 1
600 211 3
620 211 1
122 212 2
149 212 2
205 212 2
214 212 6
243 212 1
278 212 1
282 212 6
290 212 1
340 212 3
386 212 2
497 212 1
509 212 1
707 212 1
54 213 1
215 213 2
273 213 1
304 213 1
325 213 1
332 213 1
392 213 1
411 213 1
517 213 1
544 213 1
17 214 1
29 214 1
63 214 2
66 214 1
96 214 1
119 214 3
136 214 2
149 214 2
151 214 1
193 214 3
194 214 1
216 214 2
231 214 1
238 214 2
290 214 1
328 214 1
340 214 1
362 214 1
387 214 1
428 214 1
495 214 2
608 214 3
687 214 1
97 215 3
103 215 1
111 215 1
181 215 1
208 215 2
217 215 1
280 215 1
333 215 1
338 215 2
546 215 3
611 215 1
621 215 1
672 215 1
710 215 2
27 216 1
185 216 1
246 216 3
343 216 1
492 216 1
503 216 1
530 216 1
610 216 3
11 217 11
56 217 2
76 217 2
102 217 1
277 217 1
427 217 1
218 218 3
220 218 1
225 218 1
232 218 1
250 218 3
296 218 3
399 218 1
95 219 2
109 219 1
156 219 2
211 219 4
221 219 3
259 219 1
264 219 9
269 219 1
312 219 1
323 219 4
338 219 3
376 219 2
530 219 1
545 219 3
589 219 1
10 220 2
87 220 1
150 220 4
185 220 1
221 220 2
222 220 2
259 220 1
338 220 1
360 220 1
437 220 2
530 220 1
686 220 1
126 221 1
180 221 1
184 221 1
223 221 5
319 221 7
386 221 1
530 221 1
14 222 2
16 222 2
28 222 1
99 222 1
149 222 2
153 222 1
181 222 1
187 222 2
199 222 1
214 222 1
223 222 1
269 222 1
328 222 4
338 222 4
361 222 1
386 222 1
391 222 3
392 222 2
559 222 1
561 222 3
563 222 1
11 223 1
23 223 1
31 223 2
50 223 3
71 223 1
72 223 1
121 223 1
133 223 2
197 223 2
198 223 2
226 223 2
346 223 1
428 223 1
528 223 2
52 224 1
63 224 1
89 224 1
148 224 1
161 224 1
179 224 1
187 224 1
259 224 2
263 224 5
264 224 2
275 224 1
285 224 1
321 224 2
332 224 2
339 224 1
357 224 1
360 224 2
392 224 2
396 224 2
412 224 1
543 224 1
651 224 1
17 225 1
72 225 1
133 225 1
161 225 1
228 225 4
229 225 1
280 225 1
433 225 1
444 225 1
468 225 7
473 225 1
672 225 1
17 226 1
33 226 1
39 226 1
47 226 1
85 226 1
102 226 2
113 226 5
128 226 2
172 226 1
194 226 2
228 226 2
237 226 1
242 226 1
269 226 1
273 226 1
348 226 1
357 226 1
372 226 1
423 226 1
476 226 8
505 226 1
522 226 1
669 226 1
686 226 1
68 227 1
104 227 1
139 227 1
161 227 1
176 227 1
230 227 3
299 227 1
303 227 1
316 227 13
329 227 1
340 227 1
353 227 1
368 227 1
391 227 1
602 227 2
711 227 1
25 228 1
44 228 1
62 228 1
177 228 2
185 228 1
223 228 1
364 228 1
366 228 1
368 228 2
389 228 3
399 228 2
423 228 2
428 228 2
533 228 2
671 228 1
169 229 1
296 229 1
301 229 2
325 229 1
357 229 1
360 229 3
8 230 2
28 230 1
29 230 1
59 230 3
107 230 1
220 230 1
231 230 1
233 230 1
237 230 1
248 230 1
270 230 3
368 230 2
5 231 1
156 231 1
214 231 1
225 231 2
234 231 4
307 231 1
340 231 1
394 231 1
478 231 1
524 231 1
530 231 2
545 231 1
49 232 1
109 232 1
123 232 1
651 232 2
36 233 1
119 233 1
136 233 1
143 233 3
183 233 4
213 233 3
235 233 1
236 233 2
259 233 1
284 233 2
286 233 1
312 233 1
320 233 1
338 233 5
357 233 1
359 233 3
368 233 1
568 233 1
585 233 1
586 233 1
600 233 1
605 233 1
610 233 1
650 233 1
691 233 1
30 234 1
38 234 1
80 234 1
117 234 1
127 234 1
134 234 2
138 234 1
207 234 1
222 234 4
355 234 2
392 234 1
492 234 1
25 235 2
112 235 5
149 235 1
193 235 1
238 235 5
246 235 1
248 235 2
262 235 1
299 235 1
316 235 9
373 235 1
385 235 1
391 235 1
428 235 2
492 235 1
503 235 1
134 236 1
137 236 2
148 236 1
240 236 2
250 236 1
260 236 1
261 236 1
263 236 1
273 236 1
275 236 1
285 236 1
308 236 1
327 236 1
332 236 2
555 236 1
180 237 2
201 237 3
205 237 1
241 237 5
283 237 1
386 237 3
394 237 1
397 237 2
509 237 2
538 237 1
14 238 2
39 238 1
72 238 1
93 238 1
102 238 1
128 238 2
209 238 1
338 238 1
437 238 1
33 239 3
72 239 1
171 239 2
218 239 1
221 239 1
227 239 1
243 239 10
250 239 4
278 239 3
294 239 2
357 239 2
530 239 1
686 239 11
15 240 1
18 240 1
38 240 4
40 240 1
67 240 1
93 240 1
170 240 1
244 240 11
306 240 1
314 240 2
315 240 2
322 240 1
417 240 2
512 240 1
651 240 3
51 241 1
255 241 1
296 241 1
385 241 2
402 241 1
691 241 1
705 241 3
10 242 1
233 242 1
246 242 4
278 242 1
329 242 1
391 242 1
413 242 1
495 242 1
503 242 1
538 242 1
602 242 1
712 242 2
28 243 2
32 243 1
96 243 1
103 243 1
149 243 2
237 243 1
265 243 1
338 243 1
533 243 1
668 243 1
5 244 1
184 244 1
239 244 5
530 244 1
140 245 2
221 245 4
250 245 5
338 245 4
363 245 1
509 245 2
530 245 4
686 245 8
112 246 5
298 246 1
307 246 1
382 246 1
146 247 2
149 247 2
171 247 1
180 247 2
181 247 1
231 247 1
252 247 3
268 247 1
361 247 1
621 247 1
168 248 1
221 248 1
243 248 1
250 248 1
253 248 2
264 248 1
280 248 1
360 248 1
390 248 1
407 248 1
476 248 1
497 248 1
707 248 1
47 249 1
38 250 1
39 250 2
51 250 1
53 250 1
54 250 1
71 250 1
91 250 1
133 250 1
187 250 1
306 250 1
342 250 1
355 250 1
512 250 1
514 250 2
528 250 1
633 250 1
653 250 1
705 250 2
36 251 1
43 251 1
95 251 2
97 251 1
109 251 1
171 251 2
256 251 1
289 251 2
305 251 2
385 251 1
109 252 2
146 252 1
149 252 2
161 252 4
205 252 6
282 252 2
369 252 2
386 252 2
509 252 1
550 252 2
714 252 5
20 253 1
114 253 1
146 253 1
172 253 3
184 253 1
225 253 1
266 253 1
312 253 2
393 253 1
405 253 1
509 253 1
545 253 1
683 253 1
714 253 1
35 254 2
131 254 1
156 254 1
161 254 1
183 254 1
259 254 9
264 254 1
267 254 2
290 254 1
331 254 1
338 254 1
352 254 1
533 254 1
622 254 1
687 254 1
9 255 1
14 255 1
20 255 2
63 255 1
77 255 1
81 255 1
83 255 1
113 255 1
148 255 1
150 255 1
190 255 1
194 255 1
215 255 1
222 255 2
248 255 1
253 255 1
260 255 3
275 255 1
308 255 1
311 255 2
323 255 1
328 255 1
360 255 4
375 255 1
389 255 1
395 255 1
407 255 1
420 255 1
449 255 1
489 255 1
528 255 2
10 256 1
14 256 1
81 256 2
84 256 1
115 256 2
122 256 1
123 256 2
130 256 1
142 256 1
187 256 1
199 256 1
208 256 1
220 256 1
236 256 1
250 256 2
293 256 1
297 256 1
305 256 1
312 256 2
318 256 1
328 256 2
338 256 2
341 256 1
383 256 1
390 256 1
406 256 1
512 256 1
530 256 1
600 256 2
610 256 1
620 256 1
626 256 2
636 256 2
686 256 1
723 256 1
64 257 1
246 257 2
262 257 2
78 258 1
83 258 1
128 258 2
142 258 1
187 258 1
227 258 1
292 258 1
311 258 3
338 258 2
368 258 1
370 258 1
397 258 1
428 258 1
545 258 1
686 258 1
9 259 2
10 259 1
134 259 2
206 259 5
243 259 7
264 259 6
336 259 1
360 259 4
517 259 2
97 260 1
154 260 2
290 260 1
319 260 4
356 260 1
402 260 4
536 260 2
550 260 4
556 260 2
571 260 1
618 260 1
693 260 1
40 261 1
309 261 1
325 261 1
38 262 3
128 262 1
194 262 1
267 262 3
530 262 1
548 262 2
147 263 1
161 263 2
205 263 2
223 263 1
312 263 2
320 263 1
323 263 2
386 263 6
497 263 2
594 263 1
33 264 2
39 264 1
45 264 1
47 264 1
60 264 4
70 264 2
113 264 1
128 264 2
143 264 1
168 264 3
198 264 1
209 264 3
222 264 1
240 264 1
243 264 9
258 264 1
269 264 4
296 264 1
304 264 2
311 264 1
317 264 1
321 264 1
323 264 3
420 264 1
516 264 1
520 264 1
543 264 2
546 264 1
561 264 1
686 264 3
59 265 1
150 265 2
533 265 1
566 265 1
181 266 3
204 266 2
394 266 2
579 266 2
610 266 3
622 266 2
205 267 1
243 267 2
259 267 2
351 267 1
528 267 1
530 267 1
14 268 1
33 268 3
38 268 2
47 268 1
70 268 1
99 268 1
192 268 1
273 268 1
289 268 1
309 268 2
315 268 1
318 268 1
381 268 3
449 268 1
513 268 1
521 268 2
541 268 1
543 268 1
255 269 1
274 269 1
32 270 1
132 270 1
172 270 1
187 270 1
189 270 1
213 270 1
243 270 2
263 270 1
275 270 5
285 270 1
322 270 1
339 270 1
360 270 1
396 270 1
400 270 1
497 270 1
44 271 1
55 271 1
95 271 1
193 271 1
238 271 1
246 271 1
276 271 3
316 271 1
347 271 2
373 271 1
384 271 1
476 271 1
621 271 1
712 271 1
277 272 1
338 272 2
373 272 1
406 272 1
5 273 1
61 273 1
103 273 1
131 273 1
148 273 1
153 273 1
159 273 3
163 273 2
193 273 1
218 273 1
220 273 1
246 273 1
275 273 1
278 273 4
300 273 1
319 273 4
323 273 1
342 273 1
363 273 1
367 273 1
509 273 1
687 273 3
691 273 1
75 274 1
109 274 2
509 274 1
42 275 1
53 275 1
105 275 1
107 275 1
149 275 1
185 275 2
187 275 1
190 275 1
318 275 1
319 275 1
328 275 1
353 275 1
366 275 1
368 275 2
389 275 1
555 275 2
621 275 1
52 276 1
73 276 1
97 276 1
130 276 1
137 276 1
199 276 1
205 276 1
221 276 1
236 276 2
245 276 1
281 276 1
307 276 1
312 276 1
328 276 1
338 276 2
357 276 1
359 276 1
382 276 3
385 276 2
509 276 3
538 276 2
545 276 1
687 276 1
701 276 4
707 276 1
72 277 1
146 277 2
156 277 2
159 277 2
236 277 4
352 277 1
363 277 1
386 277 4
496 277 1
620 277 1
35 278 1
44 278 1
153 278 1
154 278 2
162 278 2
208 278 1
265 278 4
283 278 1
402 278 1
570 278 1
81 279 1
149 279 1
156 279 1
157 279 1
162 279 1
184 279 1
206 279 1
225 279 2
280 279 1
361 279 1
368 279 1
370 279 2
382 279 2
545 279 1
701 279 1
707 279 1
14 280 1
81 280 1
148 280 1
168 280 1
186 280 2
260 280 1
263 280 4
275 280 2
287 280 1
311 280 1
393 280 1
479 280 1
521 280 1
548 280 2
2 281 1
81 281 1
159 281 1
162 281 1
184 281 1
282 281 2
286 281 2
320 281 2
334 281 1
598 281 1
662 281 1
31 282 1
261 282 1
304 282 1
344 282 2
9 283 1
33 283 1
38 283 1
152 283 1
170 283 1
197 283 1
243 283 4
269 283 3
287 283 2
295 283 2
357 283 2
360 283 1
392 283 1
401 283 1
420 283 1
5 284 3
172 284 1
173 284 1
390 284 2
557 284 1
686 284 2
188 285 2
290 285 1
81 286 3
130 286 2
312 286 4
376 286 4
400 286 1
528 286 1
555 286 1
604 286 1
623 286 1
141 287 2
149 287 1
160 287 1
294 287 1
320 287 1
340 287 2
387 287 2
289 288 1
290 288 1
291 288 3
10 289 1
159 289 1
263 289 1
292 289 1
307 289 1
392 289 1
411 289 1
64 290 1
112 290 1
280 290 1
293 290 2
341 290 1
364 290 1
33 291 1
62 291 1
63 291 1
70 291 1
168 291 1
194 291 1
228 291 1
342 291 1
20 292 2
128 292 3
296 292 2
72 293 1
73 293 1
142 293 2
144 293 1
168 293 2
233 293 1
255 293 1
264 293 4
275 293 1
290 293 1
307 293 1
343 293 1
369 293 1
409 293 1
584 293 2
661 293 10
28 294 2
96 294 1
118 294 2
127 294 1
185 294 2
231 294 1
237 294 1
280 294 1
291 294 1
364 294 2
14 295 1
28 295 1
193 295 1
230 295 3
238 295 2
268 295 3
299 295 3
302 295 1
316 295 4
357 295 1
427 295 4
541 295 1
546 295 1
551 295 5
712 295 1
492 296 1
10 297 2
87 297 1
130 297 1
137 297 1
187 297 1
190 297 1
222 297 1
234 297 1
263 297 1
264 297 1
269 297 1
296 297 1
311 297 1
328 297 1
342 297 1
357 297 1
360 297 2
368 297 1
420 297 1
14 298 1
181 298 1
199 298 1
359 298 3
363 298 1
553 298 2
150 299 1
152 299 2
161 299 3
168 299 1
209 299 1
260 299 1
275 299 1
285 299 1
304 299 1
308 299 2
322 299 1
345 299 1
396 299 1
485 299 1
323 300 1
34 301 1
38 301 6
72 301 1
117 301 1
130 301 1
150 301 1
505 301 1
651 301 2
658 301 1
5 302 3
111 302 1
122 302 1
151 302 1
159 302 1
161 302 1
164 302 1
201 302 2
221 302 1
236 302 2
243 302 1
307 302 7
377 302 1
530 302 3
565 302 1
647 302 1
686 302 13
14 303 2
42 303 1
46 303 1
63 303 2
102 303 1
150 303 1
186 303 1
190 303 2
221 303 1
250 303 1
261 303 1
280 303 2
308 303 3
321 303 1
338 303 1
360 303 1
378 303 1
419 303 1
480 303 1
555 303 2
661 303 2
671 303 1
686 303 1
54 304 1
113 304 1
120 304 1
191 304 1
194 304 1
209 304 1
244 304 3
313 304 1
381 304 1
406 304 2
456 304 1
658 304 1
671 304 1
686 304 1
32 305 3
14 306 2
57 306 1
91 306 1
134 306 1
188 306 1
190 306 2
202 306 1
234 306 1
261 306 1
311 306 1
328 306 1
368 306 1
537 306 1
63 307 2
81 307 1
102 307 1
218 307 1
232 307 1
312 307 1
369 307 1
32 308 1
51 308 1
53 308 1
63 308 1
77 308 1
357 308 1
477 308 1
502 308 1
521 308 2
530 308 1
651 308 1
671 308 1
703 308 1
15 309 1
31 309 1
49 309 1
69 309 1
72 309 2
105 309 1
120 309 1
128 309 1
182 309 1
226 309 1
242 309 1
306 309 1
314 309 1
335 309 1
369 309 2
508 309 1
521 309 1
705 309 1
7 310 1
31 310 2
38 310 3
40 310 1
49 310 1
72 310 1
130 310 1
207 310 1
255 310 1
314 310 1
316 310 1
318 310 1
501 310 1
502 310 1
671 310 2
686 310 1
705 310 1
75 311 1
96 311 1
185 311 1
238 311 11
293 311 2
316 311 16
329 311 2
389 311 2
399 311 1
482 311 1
508 311 1
513 311 1
2 312 1
29 312 1
97 312 2
103 312 1
164 312 1
319 312 1
342 312 1
362 312 1
371 312 1
401 312 2
40 313 1
266 313 1
345 313 1
79 314 1
95 314 3
111 314 1
153 314 1
184 314 1
218 314 2
225 314 1
352 314 1
374 314 1
509 314 1
546 314 1
552 314 1
595 314 2
628 314 2
649 314 1
720 314 1
71 315 1
101 315 1
136 315 1
147 315 2
149 315 4
184 315 1
217 315 1
291 315 2
333 315 1
374 315 1
379 315 1
388 315 1
492 315 2
14 316 1
186 316 1
218 316 1
222 316 1
243 316 2
323 316 1
338 316 1
344 316 1
195 317 1
322 317 1
659 317 1
77 318 1
222 318 1
243 318 1
269 318 2
323 318 2
390 318 3
107 319 1
160 319 1
180 319 1
217 319 4
284 319 1
324 319 1
328 319 3
340 319 2
361 319 2
379 319 1
525 319 2
546 319 1
643 319 1
696 319 1
710 319 1
81 320 1
108 320 1
114 320 2
156 320 2
186 320 1
240 320 1
243 320 6
321 320 2
325 320 1
342 320 2
368 320 1
387 320 1
391 320 2
559 320 1
646 320 2
17 321 1
96 321 2
130 321 1
133 321 2
169 321 2
255 321 1
330 321 1
556 321 1
68 322 2
391 322 1
14 323 3
72 323 1
81 323 2
206 323 1
225 323 2
250 323 2
257 323 1
296 323 2
312 323 3
324 323 1
325 323 2
328 323 1
338 323 1
369 323 3
371 323 1
385 323 1
391 323 2
400 323 5
482 323 2
524 323 1
679 323 1
714 323 1
28 324 1
114 324 1
329 324 3
513 324 2
19 325 1
27 325 1
57 325 1
93 325 1
121 325 1
169 325 1
267 325 1
2 326 1
48 326 1
95 326 4
108 326 1
184 326 1
281 326 2
320 326 1
324 326 1
340 326 2
352 326 2
377 326 2
497 326 2
509 326 2
538 326 2
557 326 2
608 326 7
610 326 4
647 326 3
687 326 1
691 326 2
700 326 1
81 327 1
109 327 4
114 327 1
186 327 4
189 327 1
221 327 2
234 327 2
291 327 3
320 327 1
332 327 2
369 327 1
497 327 1
159 328 1
532 328 1
48 329 1
220 329 1
16 330 1
24 330 1
31 330 1
47 330 1
49 330 2
51 330 1
67 330 2
105 330 2
117 330 1
124 330 1
138 330 1
150 330 1
226 330 1
244 330 1
274 330 2
313 330 1
322 330 1
328 330 2
338 330 1
651 330 2
702 330 1
150 331 1
227 331 1
307 331 1
392 331 1
590 331 1
172 332 1
337 332 1
359 332 2
390 332 1
4 333 1
10 333 2
20 333 1
47 333 1
161 333 1
184 333 4
221 333 3
225 333 2
243 333 1
317 333 1
325 333 5
338 333 3
360 333 1
369 333 3
399 333 5
109 334 1
116 334 1
143 334 1
168 334 2
261 334 1
263 334 1
275 334 1
293 334 1
339 334 1
610 334 1
136 335 1
141 335 1
159 335 1
162 335 1
166 335 1
167 335 2
199 335 1
265 335 1
268 335 1
320 335 2
340 335 4
377 335 1
386 335 1
389 335 1
394 335 1
402 335 2
497 335 2
509 335 1
550 335 1
610 335 2
619 335 1
636 335 1
697 335 3
707 335 3
231 336 2
298 336 1
427 336 1
651 336 1
4 337 1
38 337 1
63 337 1
158 337 1
172 337 1
188 337 7
328 337 1
60 338 1
162 338 2
178 338 1
187 338 3
241 338 1
279 338 1
509 338 2
534 338 1
121 339 1
250 339 2
331 339 2
405 339 1
545 339 1
325 340 1
326 340 1
564 340 2
618 340 3
679 340 2
22 341 1
25 341 2
34 341 2
64 341 2
96 341 1
134 341 1
206 341 1
231 341 2
299 341 1
349 341 1
433 341 1
554 341 1
566 341 1
59 342 1
108 342 1
112 342 1
299 342 1
25 343 1
55 343 1
199 343 1
206 343 3
246 343 1
302 343 3
368 343 1
605 343 1
4 344 1
43 344 1
74 344 3
114 344 3
129 344 1
170 344 1
255 344 1
277 344 1
300 344 1
307 344 1
318 344 1
349 344 2
364 344 1
8 345 1
44 345 5
128 345 2
184 345 2
199 345 2
280 345 2
289 345 2
351 345 8
378 345 3
379 345 1
391 345 1
533 345 1
566 345 2
109 346 2
147 346 1
156 346 1
208 346 1
210 346 2
282 346 2
585 346 1
665 346 1
714 346 4
8 347 1
97 347 2
103 347 1
205 347 1
231 347 1
265 347 1
291 347 1
298 347 1
353 347 1
388 347 1
391 347 2
712 347 1
83 348 2
123 348 2
186 348 1
338 348 1
355 348 1
360 348 1
361 348 2
604 348 2
703 348 1
149 349 1
433 349 2
159 350 1
217 350 2
288 350 1
405 350 2
605 350 3
693 350 2
27 351 1
63 351 1
128 351 1
131 351 2
187 351 1
323 351 1
344 351 2
352 351 1
679 351 1
214 352 1
286 352 1
5 353 2
218 353 1
269 353 1
281 353 1
284 353 7
412 353 1
21 354 2
107 354 1
169 354 1
221 354 1
250 354 1
311 354 1
312 354 2
364 354 1
184 355 3
213 355 1
223 355 1
236 355 2
257 355 2
280 355 1
319 355 2
340 355 1
361 355 2
374 355 1
386 355 1
397 355 1
605 355 2
620 355 3
687 355 1
707 355 1
103 356 2
174 356 1
216 356 1
217 356 1
280 356 2
291 356 2
324 356 2
333 356 1
362 356 1
403 356 1
497 356 1
289 357 3
297 357 3
79 358 3
202 358 1
225 358 2
231 358 1
280 358 2
318 358 1
482 358 1
382 359 3
16 360 1
66 360 1
67 360 1
70 360 1
179 360 1
289 360 1
368 360 2
545 360 2
151 361 1
319 361 1
320 361 2
556 361 1
579 361 2
593 361 1
610 361 2
663 361 2
11 362 1
16 362 2
23 362 1
28 362 1
38 362 4
49 362 1
55 362 1
86 362 1
114 362 2
161 362 1
180 362 2
185 362 1
214 362 2
221 362 2
231 362 3
236 362 5
243 362 3
316 362 1
338 362 1
351 362 1
382 362 1
401 362 1
402 362 1
509 362 1
530 362 1
651 362 1
687 362 1
17 363 1
26 363 2
56 363 1
185 363 1
232 363 1
264 363 2
321 363 1
336 363 2
368 363 1
399 363 1
584 363 2
661 363 5
168 364 4
290 364 1
370 364 3
405 364 2
450 364 1
537 364 1
559 364 1
79 365 1
206 365 1
340 365 1
110 366 1
120 366 1
130 366 2
449 366 2
459 366 1
531 366 1
95 367 4
111 367 2
141 367 1
149 367 3
223 367 2
257 367 1
280 367 1
340 367 1
361 367 2
374 367 3
386 367 5
433 367 1
610 367 1
60 368 2
195 368 2
276 369 2
376 369 1
384 369 1
623 369 2
159 370 1
180 370 1
331 370 1
352 370 1
530 370 1
552 370 1
13 371 1
42 371 1
55 371 1
142 371 1
220 371 2
231 371 1
252 371 1
374 371 1
376 371 1
378 371 2
523 371 1
2 372 8
25 372 1
35 372 1
104 372 3
146 372 1
162 372 1
164 372 1
181 372 3
202 372 1
217 372 1
225 372 1
252 372 4
358 372 1
379 372 5
382 372 1
386 372 1
387 372 1
391 372 1
582 372 1
618 372 1
140 373 2
204 373 2
573 373 1
619 373 2
38 374 2
130 374 1
161 374 1
192 374 1
242 374 3
254 374 1
273 374 1
442 374 2
468 374 1
471 374 2
475 374 1
486 374 3
490 374 1
505 374 3
521 374 4
87 375 1
382 375 1
530 375 1
24 376 1
39 376 1
40 376 2
67 376 1
76 376 1
182 376 1
195 376 2
242 376 1
344 376 1
381 376 1
436 376 1
449 376 1
456 376 2
512 376 1
514 376 1
521 376 2
543 376 4
554 376 1
651 376 1
671 376 2
2 377 4
8 377 1
42 377 1
96 377 1
108 377 1
174 377 1
181 377 1
193 377 1
248 377 1
333 377 1
384 377 2
389 377 1
391 377 1
503 377 2
42 378 1
176 378 1
223 378 1
225 378 1
427 378 1
533 378 2
35 379 3
95 379 1
122 379 1
126 379 1
149 379 1
159 379 1
180 379 3
201 379 1
208 379 1
211 379 4
212 379 2
307 379 1
312 379 1
320 379 1
352 379 1
386 379 4
402 379 3
550 379 4
623 379 1
647 379 1
693 379 1
714 379 2
5 380 2
35 380 2
387 380 1
172 381 3
291 381 3
387 381 1
388 381 2
717 381 1
46 382 1
65 382 1
206 382 2
238 382 4
312 382 1
320 382 3
328 382 1
389 382 6
619 382 2
92 383 1
98 383 1
110 383 1
130 383 7
164 383 1
191 383 1
221 383 1
227 383 1
243 383 2
250 383 1
255 383 1
261 383 1
285 383 1
312 383 1
332 383 1
338 383 3
360 383 4
390 383 4
392 383 3
396 383 1
411 383 1
417 383 1
497 383 1
502 383 2
686 383 3
704 383 1
14 384 1
18 384 1
44 384 5
48 384 1
56 384 1
79 384 1
112 384 1
149 384 2
181 384 3
216 384 2
231 384 1
246 384 1
248 384 4
316 384 1
338 384 4
349 384 2
351 384 1
379 384 1
388 384 1
391 384 7
492 384 1
497 384 1
503 384 2
14 385 1
38 385 2
78 385 1
187 385 2
209 385 1
229 385 1
275 385 1
301 385 2
328 385 1
360 385 1
399 385 1
404 385 1
406 385 1
516 385 1
522 385 1
168 386 1
297 386 1
393 386 2
407 386 1
461 386 1
36 387 1
38 387 1
61 387 3
73 387 2
135 387 1
143 387 2
146 387 1
154 387 1
159 387 2
164 387 2
173 387 1
181 387 1
230 387 1
278 387 2
331 387 1
361 387 1
385 387 1
394 387 5
397 387 1
403 387 1
610 387 1
620 387 4
622 387 3
17 388 1
145 388 1
186 388 1
187 388 1
240 388 1
260 388 1
295 388 1
321 388 1
325 388 1
401 388 1
467 388 1
554 388 1
40 389 1
81 389 1
145 389 1
148 389 1
221 389 1
304 389 1
336 389 1
338 389 7
360 389 1
474 389 1
81 390 1
195 390 1
205 390 1
225 390 1
338 390 1
382 390 2
405 390 2
497 390 1
514 390 1
691 390 1
90 391 2
116 391 1
122 391 1
175 391 2
189 391 2
203 391 1
205 391 1
208 391 1
211 391 4
221 391 1
265 391 1
286 391 1
352 391 1
386 391 1
397 391 1
398 391 4
545 391 1
550 391 1
553 391 2
561 391 2
699 391 1
701 391 2
710 391 1
21 392 2
62 392 1
75 392 2
165 392 1
181 392 1
182 392 5
200 392 3
234 392 1
238 392 6
391 392 1
400 392 1
408 392 1
503 392 1
703 392 1
38 393 1
76 393 3
81 393 1
159 393 1
178 393 1
183 393 1
307 393 1
328 393 2
331 393 1
392 393 1
714 393 1
38 394 5
90 394 2
209 394 1
425 394 1
537 394 1
686 394 1
95 395 2
131 395 4
159 395 1
190 395 2
225 395 1
282 395 2
320 395 2
361 395 1
691 395 1
423 396 1
509 396 2
553 396 1
587 396 1
627 396 1
636 396 1
18 397 1
25 397 1
31 397 2
40 397 1
76 397 1
130 397 1
193 397 1
329 397 1
404 397 2
565 397 1
257 398 1
319 398 1
403 398 1
405 398 1
580 398 4
714 398 1
4 399 4
14 399 6
16 399 1
18 399 1
19 399 6
22 399 2
25 399 1
28 399 2
34 399 1
53 399 1
56 399 1
58 399 1
64 399 1
65 399 1
68 399 1
76 399 6
85 399 2
87 399 1
128 399 2
206 399 1
220 399 1
338 399 1
345 399 1
366 399 1
368 399 1
152 400 2
186 400 1
195 400 1
222 400 1
253 400 1
263 400 1
269 400 1
297 400 1
307 400 1
330 400 1
393 400 1
585 400 1
633 400 1
691 400 1
87 401 1
96 401 3
114 401 1
233 401 1
338 401 1
92 402 1
143 402 1
150 402 1
226 402 1
307 402 1
409 402 1
530 402 1
545 402 1
11 403 1
13 403 1
14 403 4
19 403 1
31 403 1
57 403 1
68 403 1
79 403 1
105 403 1
185 403 1
226 403 2
233 403 1
406 403 3
410 403 1
4 404 1
84 404 1
187 404 1
190 404 1
192 404 1
229 404 1
278 404 1
292 404 1
338 404 1
545 404 3
561 404 1
574 404 1
639 404 2
647 404 1
707 404 3
36 405 1
63 405 1
215 405 1
222 405 1
263 405 1
297 405 2
325 405 1
412 405 2
517 405 1
600 405 1
707 405 1
162 406 1
413 406 1
593 406 1
619 406 1
620 406 1
33 407 3
38 407 1
39 407 2
47 407 1
54 407 1
70 407 1
85 407 1
99 407 1
102 407 3
158 407 1
192 407 1
194 407 1
228 407 1
242 407 1
315 407 1
381 407 1
414 407 4
456 407 1
468 407 1
470 407 1
471 407 1
476 407 1
520 407 4
549 407 1
671 407 1
686 407 1
703 407 1
38 408 9
72 408 1
130 408 1
209 408 1
269 408 1
321 408 1
381 408 4
401 408 1
434 408 1
436 408 1
464 408 1
466 408 1
471 408 1
572 408 1
651 408 1
671 408 2
33 409 1
38 409 1
39 409 1
45 409 1
57 409 1
130 409 1
308 409 1
415 409 1
458 409 1
651 409 1
14 410 1
47 410 1
73 410 2
94 410 1
102 410 1
130 410 1
134 410 2
192 410 1
198 410 1
229 410 2
309 410 1
326 410 1
327 410 2
369 410 1
381 410 1
401 410 1
420 410 2
421 410 1
433 410 1
448 410 1
456 410 3
461 410 1
465 410 3
480 410 2
541 410 3
547 410 1
549 410 1
443 411 1
447 411 1
464 411 1
494 411 1
500 411 1
481 412 1
33 413 1
67 413 1
128 413 1
130 413 1
134 413 1
194 413 3
197 413 1
228 413 1
298 413 1
308 413 1
336 413 1
339 413 1
366 413 1
383 413 1
419 413 1
420 413 3
453 413 1
456 413 1
461 413 1
478 413 2
548 413 1
589 413 1
33 414 5
38 414 3
113 414 3
127 414 1
128 414 3
185 414 1
192 414 1
197 414 2
198 414 1
251 414 1
273 414 2
366 414 1
368 414 1
414 414 3
420 414 1
421 414 3
435 414 1
456 414 2
459 414 1
460 414 1
468 414 1
479 414 1
481 414 1
549 414 1
715 414 1
128 415 3
229 415 1
296 415 2
340 415 1
419 415 1
420 415 1
423 415 1
429 415 1
33 416 1
63 416 1
109 416 2
128 416 3
191 416 2
194 416 2
264 416 2
269 416 6
287 416 1
327 416 1
341 416 1
423 416 3
450 416 1
520 416 2
686 416 1
13 417 1
39 417 1
102 417 3
169 417 2
194 417 1
254 417 2
269 417 3
419 417 1
424 417 1
456 417 1
459 417 1
500 417 1
651 417 2
654 417 1
686 417 1
724 417 1
187 418 1
414 418 1
451 418 1
457 418 1
519 418 1
529 418 3
672 418 3
447 419 2
470 419 1
478 419 5
498 419 1
500 419 1
530 419 2
540 419 1
672 419 3
25 420 1
46 420 3
167 420 1
238 420 2
427 420 1
537 420 2
550 420 3
11 421 1
19 421 1
20 421 1
21 421 1
39 421 1
55 421 1
69 421 1
129 421 1
185 421 1
231 421 1
248 421 1
300 421 1
304 421 1
346 421 1
403 421 1
453 421 1
503 421 1
609 421 1
671 421 1
33 422 1
45 422 2
128 422 2
192 422 2
229 422 2
242 422 1
269 422 2
273 422 1
296 422 3
309 422 1
419 422 1
423 422 3
437 422 1
459 422 3
481 422 2
518 422 1
654 422 1
185 423 1
383 423 1
417 423 1
430 423 1
466 423 1
490 423 2
648 423 1
198 424 1
381 424 1
414 424 13
435 424 1
450 424 1
463 424 1
468 424 9
486 424 2
672 424 1
25 425 1
33 425 1
38 425 1
71 425 1
192 425 10
273 425 1
308 425 1
325 425 2
370 425 1
423 425 1
450 425 1
453 425 2
459 425 1
471 425 4
479 425 1
488 425 4
15 426 1
17 426 1
28 426 1
34 426 1
47 426 1
57 426 1
66 426 1
72 426 1
82 426 1
112 426 4
182 426 1
222 426 1
346 426 1
391 426 1
406 426 1
410 426 1
631 426 2
651 426 1
671 426 1
715 426 1
23 427 1
72 427 3
94 427 1
269 427 1
277 427 1
309 427 1
339 427 1
407 427 1
437 427 3
521 427 2
537 427 1
651 427 1
38 428 1
77 428 1
92 428 1
128 428 1
132 428 3
194 428 3
273 428 1
274 428 3
349 428 1
392 428 1
406 428 1
449 428 2
457 428 1
460 428 1
476 428 1
478 428 1
479 428 2
481 428 1
505 428 2
534 428 2
18 429 1
31 429 2
32 429 1
38 429 1
72 429 1
74 429 1
165 429 1
310 429 1
322 429 2
436 429 2
499 429 1
521 429 3
18 430 1
99 430 1
130 430 1
133 430 1
260 430 1
335 430 1
342 430 1
381 430 1
651 430 1
430 431 1
461 431 2
464 431 1
414 432 2
421 432 5
439 432 1
466 432 1
484 432 1
518 432 1
128 433 1
188 433 1
192 433 2
194 433 1
266 433 1
269 433 2
414 433 1
419 433 1
432 433 1
438 433 1
440 433 2
468 433 1
479 433 1
493 433 1
506 433 1
541 433 1
102 434 1
273 434 1
342 434 1
456 434 1
461 434 2
463 434 2
466 434 2
479 434 1
481 434 1
518 434 1
541 434 1
651 434 1
667 434 1
669 434 1
673 434 1
128 435 1
308 435 1
349 435 1
383 435 1
466 435 1
518 435 2
38 436 2
130 436 1
430 436 3
675 436 1
435 437 2
500 437 1
502 437 1
521 437 1
39 438 1
191 438 1
418 438 1
425 438 3
100 439 1
287 439 1
426 439 1
431 439 1
445 439 3
457 439 4
478 439 4
528 439 1
535 439 1
540 439 2
100 440 1
229 440 2
445 440 1
446 440 2
478 440 1
522 440 1
529 440 3
23 441 1
130 441 1
229 441 1
420 441 2
445 441 1
478 441 2
500 441 2
521 441 2
522 441 1
529 441 2
14 442 1
113 442 2
130 442 5
197 442 2
198 442 9
228 442 2
242 442 1
243 442 1
273 442 1
287 442 3
296 442 1
312 442 1
414 442 1
415 442 1
416 442 1
421 442 3
448 442 2
456 442 1
463 442 1
466 442 1
467 442 3
469 442 1
476 442 1
481 442 1
484 442 1
500 442 1
506 442 1
530 442 1
531 442 1
534 442 1
654 442 2
28 443 1
32 443 1
38 443 1
40 443 2
56 443 2
93 443 2
96 443 1
102 443 1
107 443 1
130 443 1
255 443 1
273 443 1
287 443 1
342 443 1
381 443 3
456 443 1
475 443 1
518 443 1
521 443 2
33 444 2
57 444 1
80 444 1
102 444 1
130 444 1
185 444 1
188 444 1
192 444 2
296 444 1
308 444 2
401 444 1
420 444 1
422 444 1
423 444 1
448 444 1
450 444 1
452 444 1
471 444 1
481 444 1
542 444 1
670 444 2
147 445 1
187 445 2
360 445 3
370 445 1
426 445 2
521 445 1
529 445 1
540 445 1
547 445 1
452 446 1
522 446 1
10 447 2
38 447 3
47 447 2
83 447 2
94 447 1
100 447 1
187 447 1
188 447 1
192 447 4
194 447 2
197 447 3
245 447 1
273 447 1
296 447 1
328 447 2
375 447 1
381 447 4
382 447 2
414 447 1
420 447 1
448 447 1
450 447 1
453 447 2
455 447 2
459 447 2
461 447 1
474 447 1
481 447 2
482 447 2
491 447 2
505 447 2
519 447 2
520 447 2
535 447 2
648 447 4
38 448 1
269 448 1
463 448 1
468 448 1
490 448 1
500 448 2
510 448 3
53 449 1
65 449 1
71 449 1
133 449 1
209 449 1
242 449 2
273 449 1
368 449 1
381 449 2
383 449 1
417 449 3
436 449 1
448 449 3
449 449 2
451 449 1
456 449 1
467 449 1
490 449 1
505 449 1
673 449 1
703 449 1
23 450 1
24 450 1
32 450 1
33 450 3
38 450 3
66 450 1
71 450 1
77 450 1
93 450 1
215 450 1
226 450 1
237 450 1
242 450 1
255 450 1
264 450 4
297 450 1
342 450 1
357 450 1
368 450 2
369 450 1
381 450 1
406 450 1
415 450 1
436 450 1
449 450 1
456 450 4
466 450 1
468 450 1
489 450 1
500 450 1
521 450 1
530 450 1
570 450 1
654 450 1
672 450 1
673 450 1
686 450 4
38 451 1
113 451 1
130 451 2
198 451 3
273 451 1
414 451 1
447 451 1
453 451 1
479 451 1
480 451 1
515 451 1
561 451 1
33 452 1
39 452 1
45 452 1
72 452 1
113 452 1
191 452 1
192 452 1
209 452 1
474 452 1
476 452 1
481 452 1
520 452 2
686 452 2
33 453 2
38 453 1
39 453 1
57 453 1
85 453 1
93 453 1
113 453 1
128 453 1
130 453 6
131 453 1
192 453 2
197 453 1
209 453 1
222 453 1
228 453 1
273 453 2
328 453 1
349 453 1
381 453 1
383 453 1
417 453 1
454 453 1
456 453 1
459 453 2
475 453 2
476 453 3
505 453 1
520 453 2
521 453 4
669 453 1
686 453 1
99 454 1
191 454 1
194 454 1
233 454 1
238 454 1
372 454 1
461 454 2
478 454 1
33 455 1
113 455 1
173 455 1
194 455 3
197 455 1
198 455 8
263 455 1
273 455 2
308 455 2
395 455 1
461 455 2
466 455 1
467 455 1
468 455 4
484 455 1
505 455 1
192 456 1
194 456 1
255 456 1
381 456 3
408 456 1
431 456 1
435 456 2
448 456 1
456 456 3
460 456 1
461 456 1
463 456 1
471 456 1
478 456 2
480 456 1
485 456 1
631 456 1
669 456 1
673 456 1
444 457 3
481 457 1
33 458 3
47 458 1
100 458 1
118 458 1
130 458 1
158 458 1
237 458 1
325 458 1
355 458 1
381 458 3
438 458 1
454 458 1
461 458 1
464 458 1
465 458 2
468 458 2
471 458 3
480 458 1
481 458 2
484 458 2
498 458 1
499 458 1
521 458 1
648 458 3
672 458 1
38 459 1
94 459 1
130 459 1
198 459 1
273 459 1
301 459 1
417 459 1
440 459 1
448 459 3
460 459 1
461 459 2
463 459 4
464 459 1
466 459 1
467 459 3
468 459 1
471 459 8
484 459 1
510 459 1
31 460 1
448 460 1
460 460 1
478 460 3
481 460 1
33 461 5
38 461 1
94 461 1
130 461 1
132 461 1
185 461 1
229 461 1
381 461 2
442 461 1
448 461 3
449 461 1
456 461 1
468 461 1
471 461 2
473 461 1
478 461 2
502 461 2
505 461 1
506 461 1
521 461 2
535 461 2
541 461 1
648 461 2
669 461 1
672 461 2
673 461 1
128 462 1
191 462 2
237 462 1
392 462 1
421 462 1
438 462 2
448 462 1
450 462 1
451 462 1
454 462 2
461 462 4
464 462 1
467 462 1
468 462 1
471 462 10
478 462 2
631 462 2
33 463 1
187 463 2
198 463 1
242 463 1
314 463 1
381 463 7
383 463 1
420 463 1
431 463 1
449 463 1
456 463 1
460 463 1
464 463 2
502 463 1
520 463 1
32 464 1
33 464 1
38 464 2
41 464 1
48 464 1
100 464 1
113 464 1
130 464 13
187 464 1
194 464 3
196 464 1
209 464 1
216 464 1
228 464 1
255 464 1
287 464 8
309 464 1
310 464 1
381 464 5
456 464 11
469 464 1
476 464 2
499 464 1
651 464 2
671 464 2
296 465 1
14 466 2
33 466 2
38 466 4
39 466 1
45 466 1
57 466 1
72 466 1
130 466 1
197 466 4
221 466 2
255 466 3
278 466 1
287 466 2
327 466 2
342 466 2
372 466 1
423 466 6
448 466 3
456 466 4
463 466 1
464 466 1
466 466 1
471 466 5
655 466 1
673 466 1
703 466 1
191 467 1
472 467 4
209 468 1
245 468 1
383 468 2
449 468 4
460 468 2
461 468 10
464 468 1
466 468 1
467 468 2
471 468 1
473 468 1
490 468 1
518 468 1
38 469 1
130 469 1
172 469 1
187 469 1
194 469 1
242 469 2
247 469 1
355 469 2
368 469 1
402 469 2
461 469 3
474 469 3
478 469 1
530 469 1
673 469 1
686 469 1
11 470 1
31 470 1
192 470 1
309 470 1
312 470 1
439 470 1
456 470 1
475 470 3
480 470 1
501 470 1
521 470 3
541 470 3
38 471 2
81 471 1
85 471 1
185 471 1
338 471 1
372 471 1
654 471 1
673 472 1
33 473 1
99 473 2
113 473 1
132 473 1
273 473 2
419 473 1
420 473 4
461 473 2
465 473 1
474 473 1
478 473 3
480 473 2
500 473 2
507 473 1
548 473 1
672 473 1
33 474 1
39 474 1
69 474 1
92 474 1
102 474 1
128 474 4
191 474 1
192 474 1
194 474 4
260 474 1
269 474 2
273 474 1
296 474 1
311 474 2
312 474 1
321 474 1
322 474 2
325 474 1
336 474 1
338 474 1
370 474 1
383 474 1
408 474 1
419 474 1
423 474 1
451 474 1
459 474 1
461 474 1
471 474 1
474 474 3
479 474 1
512 474 1
530 474 3
554 474 1
658 474 1
667 474 2
31 475 1
38 475 5
67 475 2
187 475 3
195 475 1
206 475 1
225 475 1
417 475 3
421 475 1
436 475 1
456 475 1
477 475 1
480 475 1
542 475 2
671 475 4
673 475 1
676 475 1
703 475 1
33 476 1
69 476 1
72 476 2
83 476 1
113 476 1
128 476 1
130 476 1
192 476 3
194 476 1
228 476 1
269 476 1
277 476 1
383 476 1
448 476 1
450 476 1
453 476 5
456 476 4
459 476 1
468 476 2
481 476 1
487 476 2
502 476 1
669 476 1
703 476 1
97 477 1
108 477 3
139 477 1
175 477 2
293 477 1
104 478 1
126 478 1
140 478 1
159 478 1
217 478 1
265 478 2
283 478 1
340 478 1
483 478 2
495 478 1
573 478 10
576 478 1
102 479 1
130 479 1
188 479 1
194 479 1
273 479 1
435 479 2
440 479 1
448 479 1
464 479 2
484 479 1
515 479 1
39 480 1
57 480 2
85 480 1
130 480 1
197 480 1
383 480 3
417 480 1
448 480 1
449 480 1
454 480 1
465 480 1
468 480 3
485 480 1
486 480 1
489 480 1
502 480 1
661 480 2
38 481 1
128 481 2
130 481 2
168 481 1
415 481 1
456 481 1
461 481 1
507 481 1
541 481 2
671 481 1
459 482 2
466 482 1
484 482 2
487 482 1
491 482 1
494 482 1
14 483 1
38 483 2
57 483 2
74 483 1
130 483 1
364 483 1
395 483 3
415 483 2
432 483 1
448 483 8
449 483 1
456 483 4
461 483 1
469 483 1
480 483 1
631 483 1
658 483 1
197 484 2
460 484 1
461 484 1
486 484 1
531 484 1
541 484 1
648 484 1
672 484 1
74 485 2
128 485 1
209 485 1
273 485 1
456 485 3
461 485 1
489 485 1
502 485 1
521 485 2
99 486 1
197 486 1
381 486 1
438 486 1
447 486 1
457 486 1
466 486 1
478 486 1
491 486 2
672 486 1
2 487 7
29 487 1
68 487 1
79 487 1
81 487 1
96 487 1
149 487 1
153 487 1
162 487 1
164 487 4
176 487 1
221 487 2
242 487 1
257 487 1
269 487 1
289 487 1
291 487 2
298 487 1
324 487 1
357 487 1
366 487 1
367 487 1
399 487 1
492 487 11
598 487 2
229 488 2
515 488 1
440 489 1
461 489 1
519 489 1
535 489 6
114 490 1
131 490 1
149 490 1
153 490 1
202 490 1
265 490 1
602 490 1
619 490 3
621 490 1
114 491 1
282 491 1
101 492 1
157 492 3
159 492 1
201 492 2
210 492 1
281 492 2
340 492 1
377 492 2
386 492 1
497 492 4
550 492 1
557 492 3
685 492 1
421 493 2
459 493 1
10 494 1
38 494 6
57 494 1
130 494 3
273 494 1
381 494 2
383 494 2
441 494 1
456 494 2
480 494 1
499 494 1
505 494 2
534 494 1
686 494 1
9 495 1
191 495 1
447 495 1
461 495 1
494 495 2
4 496 1
32 496 1
72 496 1
77 496 1
93 496 1
113 496 1
274 496 1
383 496 1
436 496 1
549 496 1
654 496 1
671 496 6
703 496 1
38 497 2
39 497 1
41 497 1
47 497 1
74 497 1
130 497 1
229 497 5
368 497 1
381 497 1
424 497 1
449 497 1
456 497 1
461 497 1
4 498 1
44 498 1
76 498 1
108 498 1
177 498 1
238 498 3
399 498 1
433 498 1
503 498 5
18 499 1
38 499 2
71 499 1
133 499 1
260 499 1
368 499 1
449 499 1
455 499 1
521 499 1
534 499 1
658 499 1
23 500 1
63 500 1
65 500 2
120 500 1
130 500 1
187 500 2
228 500 1
229 500 2
322 500 2
381 500 1
383 500 1
456 500 2
486 500 1
530 500 1
548 500 1
671 500 2
198 501 1
338 501 2
417 501 1
456 501 1
462 501 2
466 501 1
488 501 1
53 502 2
57 502 1
63 502 2
202 502 1
206 502 2
221 502 1
235 502 1
242 502 2
244 502 1
250 502 1
255 502 1
273 502 1
277 502 1
309 502 1
437 502 1
486 502 1
521 502 1
542 502 1
651 502 2
13 503 2
104 503 1
114 503 1
238 503 1
248 503 2
279 503 2
316 503 1
333 503 1
385 503 1
508 503 1
687 503 1
52 504 1
106 504 3
181 504 1
184 504 1
205 504 2
208 504 3
213 504 4
221 504 1
249 504 1
312 504 1
340 504 1
342 504 1
368 504 1
389 504 2
460 504 2
666 504 2
33 505 2
39 505 1
194 505 1
229 505 1
242 505 1
414 505 1
416 505 3
461 505 1
467 505 1
468 505 2
481 505 1
520 505 1
2 506 1
217 506 1
511 506 3
3 507 1
12 507 2
14 507 1
17 507 1
19 507 1
26 507 1
72 507 2
74 507 1
79 507 1
107 507 1
130 507 1
155 507 2
209 507 1
219 507 1
245 507 1
251 507 1
255 507 1
277 507 1
293 507 1
298 507 2
300 507 1
310 507 1
381 507 1
453 507 1
476 507 1
541 507 1
651 507 2
686 507 1
44 508 1
72 508 1
121 508 1
238 508 1
261 508 1
341 508 2
385 508 1
482 508 1
513 508 1
52 509 2
106 509 3
181 509 1
548 509 2
610 509 1
245 510 1
423 510 1
498 510 1
500 510 1
519 510 3
535 510 2
39 511 1
94 511 2
128 511 1
222 511 3
320 511 1
325 511 1
455 511 1
73 512 1
113 512 1
123 512 1
133 512 1
134 512 1
187 512 1
190 512 1
261 512 1
263 512 2
275 512 1
297 512 1
304 512 3
357 512 1
360 512 1
381 512 2
390 512 2
471 512 1
509 512 1
33 513 1
187 513 2
198 513 1
406 513 1
429 513 1
448 513 2
450 513 1
453 513 2
460 513 2
463 513 1
478 513 2
488 513 1
518 513 2
462 514 1
38 515 2
45 515 1
128 515 2
130 515 2
132 515 4
194 515 2
197 515 1
198 515 1
250 515 1
273 515 1
301 515 2
321 515 1
327 515 1
372 515 1
383 515 2
421 515 1
474 515 2
478 515 3
479 515 3
481 515 1
500 515 1
501 515 1
530 515 1
669 515 1
671 515 2
31 516 1
38 516 2
39 516 2
49 516 1
57 516 1
62 516 1
70 516 1
74 516 1
93 516 1
121 516 1
130 516 3
133 516 1
198 516 1
226 516 2
237 516 2
273 516 1
301 516 1
357 516 1
381 516 1
383 516 1
410 516 2
417 516 1
424 516 1
480 516 2
502 516 3
504 516 1
521 516 6
554 516 1
671 516 1
703 516 3
484 517 1
461 518 1
661 519 2
144 520 1
161 520 2
199 520 1
214 520 1
225 520 1
236 520 1
259 520 1
263 520 1
307 520 2
538 520 1
687 520 1
707 520 1
123 521 1
153 521 1
204 521 1
279 521 1
320 521 1
367 521 2
625 521 1
546 522 1
32 523 1
33 523 2
38 523 1
69 523 1
71 523 1
113 523 1
130 523 2
192 523 1
197 523 2
381 523 2
390 523 1
448 523 4
453 523 1
457 523 1
461 523 1
466 523 2
468 523 1
471 523 1
527 523 2
673 523 2
139 524 1
385 524 3
528 524 3
537 524 1
381 525 1
446 525 1
478 525 1
494 525 2
506 525 1
519 525 3
128 526 3
221 526 2
243 526 3
250 526 2
267 526 2
530 526 5
57 527 1
130 527 2
197 527 1
381 527 2
383 527 1
456 527 1
521 527 1
131 528 1
181 528 1
216 528 1
217 528 1
265 528 1
320 528 1
532 528 1
536 528 1
559 528 1
582 528 1
63 529 1
75 529 1
114 529 1
171 529 1
185 529 1
211 529 1
216 529 1
230 529 1
235 529 1
291 529 1
368 529 2
378 529 2
391 529 1
394 529 1
402 529 1
525 529 1
533 529 1
538 529 1
546 529 2
602 529 3
619 529 1
671 529 1
30 530 1
31 530 3
33 530 1
34 530 1
41 530 1
69 530 1
72 530 1
91 530 2
99 530 1
108 530 1
150 530 1
185 530 1
194 530 1
226 530 2
242 530 1
293 530 1
296 530 1
312 530 1
342 530 1
343 530 1
368 530 1
408 530 1
433 530 1
436 530 1
448 530 1
480 530 1
504 530 1
521 530 1
653 530 2
462 531 1
478 531 4
481 531 1
131 532 1
163 532 1
497 532 1
576 532 1
6 533 2
14 533 1
16 533 1
21 533 2
24 533 1
28 533 2
55 533 3
76 533 7
87 533 1
206 533 1
233 533 2
248 533 1
277 533 1
391 533 1
521 533 1
533 533 1
537 533 4
579 533 1
36 534 1
141 534 1
159 534 1
162 534 1
166 534 1
340 534 1
386 534 1
538 534 3
545 534 1
558 534 1
567 534 1
608 534 1
691 534 2
709 534 1
19 535 1
31 535 1
39 535 1
40 535 1
49 535 1
66 535 1
117 535 2
255 535 1
318 535 1
396 535 1
521 535 3
539 535 1
542 535 1
672 535 1
162 536 1
296 536 1
426 536 1
443 536 1
493 536 2
500 536 1
520 536 1
24 537 1
38 537 2
65 537 3
130 537 6
197 537 1
198 537 1
273 537 1
357 537 1
381 537 2
383 537 1
421 537 1
431 537 1
448 537 5
456 537 3
457 537 1
467 537 1
488 537 1
499 537 1
505 537 1
521 537 4
670 537 1
675 537 2
676 537 1
86 538 1
130 538 1
417 538 1
424 538 1
451 538 1
464 538 3
481 538 3
521 538 1
648 538 2
38 539 2
93 539 1
190 539 1
338 539 2
34 540 1
261 540 1
544 540 1
590 540 1
617 540 1
176 541 1
99 542 3
113 542 1
137 542 3
243 542 1
339 542 1
345 542 5
352 542 1
392 542 2
543 542 1
545 542 1
604 542 4
686 542 2
35 543 1
37 543 3
63 543 1
96 543 1
101 543 1
112 543 1
205 543 2
217 543 2
231 543 2
269 543 1
319 543 1
324 543 1
379 543 1
388 543 3
546 543 2
582 543 1
426 544 1
447 544 1
461 544 1
478 544 2
493 544 1
519 544 1
522 544 1
535 544 1
547 544 2
672 544 2
85 545 1
87 545 1
148 545 1
231 545 2
521 545 3
554 545 3
81 546 2
151 546 2
159 546 1
162 546 1
167 546 1
179 546 1
205 546 2
210 546 1
305 546 1
361 546 1
367 546 2
386 546 2
405 546 2
497 546 2
568 546 2
677 546 2
681 546 3
693 546 1
7 547 1
112 547 1
181 547 1
428 547 1
537 547 1
96 548 1
126 548 1
130 548 1
131 548 1
153 548 5
170 548 1
184 548 1
205 548 2
211 548 1
218 548 1
268 548 2
368 548 1
387 548 1
492 548 1
532 548 1
536 548 1
538 548 1
546 548 1
552 548 2
559 548 1
562 548 1
571 548 1
582 548 4
593 548 1
666 548 1
696 548 2
725 548 3
39 549 5
48 549 1
95 549 1
103 549 1
107 549 1
130 549 2
136 549 1
174 549 1
181 549 1
183 549 1
185 549 1
208 549 1
216 549 2
256 549 1
268 549 1
340 549 1
347 549 1
363 549 3
369 549 1
370 549 2
379 549 1
386 549 2
401 549 1
674 549 1
710 549 1
69 550 1
141 550 1
226 550 4
238 550 3
396 550 1
410 550 1
14 551 7
18 551 1
187 551 1
537 551 2
2 552 2
35 552 1
90 552 1
131 552 1
205 552 1
221 552 1
307 552 1
352 552 1
618 552 1
713 552 1
154 553 1
167 553 1
403 553 1
557 553 3
568 553 3
578 553 1
647 553 4
665 553 2
685 553 2
710 553 1
720 553 1
6 554 1
14 554 1
111 554 1
135 554 1
146 554 1
223 554 1
331 554 1
352 554 1
558 554 1
568 554 1
576 554 1
594 554 1
628 554 2
662 554 1
691 554 5
693 554 1
706 554 2
131 555 1
184 555 1
552 555 1
556 555 2
559 555 3
573 555 1
586 555 2
592 555 2
603 555 1
620 555 1
681 555 3
210 556 1
509 556 1
532 556 1
557 556 1
562 556 1
575 556 1
642 556 1
662 556 1
681 556 1
71 557 2
144 557 4
159 557 2
165 557 1
178 557 1
221 557 1
263 557 5
296 557 1
328 557 1
338 557 1
369 557 2
392 557 3
476 557 2
530 557 1
584 557 1
600 557 1
723 557 1
36 558 1
97 558 3
136 558 1
249 558 1
291 558 1
386 558 1
528 558 1
532 558 4
562 558 4
576 558 1
650 558 1
73 559 1
81 559 2
172 559 4
187 559 1
251 559 2
292 559 1
303 559 2
307 559 2
357 559 1
359 559 1
362 559 1
369 559 2
544 559 2
563 559 1
589 559 1
651 559 1
722 559 3
724 559 1
65 560 2
123 560 1
130 560 1
148 560 1
180 560 1
209 560 1
226 560 2
245 560 1
359 560 1
411 560 2
517 560 1
600 560 1
627 560 3
639 560 1
679 560 1
21 561 1
22 561 2
28 561 2
107 561 1
202 561 1
226 561 2
233 561 1
406 561 2
512 561 1
530 561 1
565 561 3
636 561 1
97 562 1
103 562 1
289 562 2
299 562 2
350 562 1
376 562 1
36 563 1
153 563 1
320 563 1
5 564 1
103 564 3
205 564 2
221 564 1
279 564 1
331 564 1
560 564 1
636 564 1
685 564 2
692 564 1
35 565 1
36 566 1
73 566 1
96 566 1
250 566 2
278 566 1
312 566 1
328 566 1
390 566 1
538 566 1
563 566 1
587 566 1
680 566 1
692 566 1
183 567 1
212 567 1
278 567 2
319 567 2
320 567 1
538 567 1
557 567 1
570 567 2
681 567 2
709 567 1
149 568 1
210 568 1
283 568 1
320 568 1
362 568 3
483 568 1
538 568 1
615 568 1
73 569 1
90 569 2
98 569 1
116 569 1
278 569 1
285 569 1
312 569 2
319 569 1
340 569 1
357 569 1
398 569 1
569 569 1
597 569 2
97 570 1
131 570 1
140 570 1
149 570 2
164 570 1
184 570 1
283 570 1
413 570 1
556 570 2
573 570 1
592 570 1
619 570 1
623 570 1
657 570 1
714 570 2
188 571 1
203 571 1
214 571 2
328 571 1
597 571 1
677 571 1
687 571 1
699 571 1
154 572 1
218 572 1
374 572 1
550 572 1
557 572 5
568 572 1
575 572 1
628 572 1
638 572 1
642 572 1
650 572 1
662 572 4
681 572 2
684 572 1
691 572 3
161 573 1
199 573 1
211 573 1
320 573 1
374 573 1
386 573 1
402 573 1
552 573 1
568 573 2
576 573 1
578 573 1
628 573 2
637 573 2
638 573 2
652 573 1
662 573 4
663 573 1
666 573 2
681 573 1
684 573 1
689 573 1
699 573 1
707 573 1
713 573 1
717 573 1
331 574 1
550 574 1
557 574 3
620 574 1
628 574 2
642 574 1
666 574 2
688 574 1
709 574 1
208 575 2
212 575 1
331 575 3
550 575 1
578 575 1
610 575 1
624 575 1
647 575 2
691 575 1
81 576 1
167 576 1
331 576 2
568 576 1
592 576 1
599 576 1
608 576 1
610 576 1
647 576 2
681 576 1
685 576 1
691 576 1
720 576 1
5 577 2
35 577 1
95 577 1
352 577 1
369 577 1
497 577 1
579 577 1
580 577 1
585 577 1
597 577 2
608 577 1
630 577 1
639 577 1
656 577 2
709 577 9
726 577 2
557 578 1
581 578 1
597 578 1
616 578 1
642 578 1
650 578 2
660 578 3
666 578 2
682 578 1
688 578 1
689 578 1
720 578 1
533 579 1
582 579 2
603 579 1
610 579 2
621 579 1
625 579 1
643 579 1
696 579 2
216 580 1
612 580 1
622 580 1
683 580 2
689 580 1
707 580 1
137 581 1
187 581 1
226 581 3
268 581 1
307 581 1
338 581 2
563 581 1
589 581 1
651 581 1
5 582 1
73 582 1
141 582 3
149 582 2
150 582 1
171 582 1
184 582 1
280 582 1
331 582 1
377 582 2
391 582 1
509 582 1
536 582 1
620 582 1
622 582 1
630 582 1
632 582 2
166 583 2
183 583 2
361 583 1
386 583 2
538 583 1
546 583 1
558 583 1
586 583 1
592 583 1
618 583 1
624 583 2
649 583 1
650 583 1
677 583 2
706 583 1
281 584 1
563 584 1
599 584 1
716 584 1
211 585 1
581 585 1
610 585 1
628 585 10
642 585 2
647 585 4
685 585 2
691 585 1
629 586 1
641 586 1
647 586 1
693 586 1
180 587 1
187 587 1
211 587 2
223 587 1
226 587 2
307 587 1
394 587 1
622 587 2
73 588 2
98 588 1
137 588 2
142 588 1
568 588 1
590 588 7
617 588 1
619 588 1
647 588 1
63 589 1
271 589 4
369 589 1
579 589 1
585 589 1
597 589 3
681 589 1
36 590 1
37 590 2
140 590 1
150 590 2
166 590 1
180 590 1
205 590 1
210 590 1
243 590 1
250 590 1
281 590 1
374 590 1
380 590 1
525 590 1
556 590 2
576 590 1
592 590 1
623 590 1
647 590 1
649 590 1
662 590 1
681 590 1
95 591 2
131 591 1
156 591 1
283 591 2
495 591 1
509 591 1
556 591 1
662 591 2
674 591 1
691 591 1
126 592 1
236 592 2
281 592 1
538 592 1
556 592 1
578 592 2
586 592 1
591 592 1
592 592 1
599 592 1
615 592 2
642 592 1
652 592 1
662 592 1
674 592 1
687 592 1
713 592 2
720 592 2
282 593 1
380 593 1
550 593 1
557 593 1
558 593 2
583 593 1
586 593 1
597 593 1
628 593 1
630 593 1
637 593 1
647 593 1
662 593 2
674 593 1
677 593 1
689 593 1
14 594 1
147 594 1
277 594 1
589 594 3
597 594 1
599 594 1
636 594 1
162 595 2
208 595 1
210 595 5
278 595 2
320 595 1
402 595 1
526 595 1
536 595 1
550 595 2
572 595 2
581 595 1
582 595 1
597 595 1
608 595 1
617 595 1
636 595 3
657 595 1
680 595 1
709 595 1
95 596 2
153 596 1
154 596 1
180 596 1
320 596 1
331 596 1
386 596 4
558 596 2
575 596 1
38 597 1
338 597 1
552 597 1
599 597 1
633 597 1
665 597 1
707 597 1
10 598 1
269 598 2
275 598 1
407 598 1
412 598 1
150 599 1
210 599 2
217 599 2
223 599 1
282 599 1
599 599 1
649 599 1
665 599 1
716 599 1
44 600 4
109 600 1
180 600 1
193 600 3
217 600 1
270 600 1
324 600 1
358 600 1
552 600 1
559 600 2
602 600 3
609 600 1
619 600 2
223 601 2
379 601 1
558 601 1
647 601 1
652 601 1
662 601 4
674 601 1
684 601 2
691 601 1
18 602 1
81 602 1
99 602 2
123 602 1
172 602 1
190 602 7
228 602 1
243 602 2
263 602 1
277 602 1
311 602 1
321 602 1
323 602 1
395 602 1
396 602 1
651 602 4
661 602 1
686 602 1
56 603 1
366 603 6
411 603 1
530 603 2
538 603 2
605 603 1
14 604 1
149 604 1
256 604 1
413 604 1
559 604 2
562 604 1
567 604 1
575 604 1
582 604 1
619 604 2
683 604 1
696 604 1
278 605 1
509 605 1
628 605 1
649 605 1
677 605 1
685 605 1
73 606 1
131 606 1
140 606 1
151 606 1
159 606 1
211 606 1
212 606 1
250 606 1
265 606 1
319 606 2
379 606 1
538 606 1
557 606 4
586 606 1
608 606 1
610 606 1
616 606 4
97 607 1
205 607 1
256 607 2
371 607 1
492 607 1
532 607 1
536 607 1
571 607 1
691 607 1
223 608 1
398 608 1
568 608 3
579 608 1
592 608 2
608 608 2
610 608 2
613 608 1
643 608 1
656 608 1
691 608 2
492 609 3
162 610 1
588 610 2
597 610 3
608 610 1
622 610 1
628 610 1
680 610 2
698 610 1
208 611 1
255 611 1
268 611 1
363 611 1
365 611 1
517 611 1
550 611 1
586 611 1
627 611 1
687 611 1
223 612 1
278 612 1
321 612 1
367 612 1
379 612 1
405 612 2
568 612 1
577 612 1
587 612 1
623 612 1
650 612 2
681 612 1
707 612 1
208 613 1
477 613 1
558 613 1
568 613 5
614 613 1
647 613 1
717 613 3
204 614 2
413 614 1
551 614 1
559 614 2
573 614 1
681 614 1
36 615 2
46 615 1
73 615 3
159 615 2
167 615 1
183 615 1
199 615 1
251 615 1
278 615 1
324 615 1
340 615 3
358 615 2
386 615 1
397 615 1
680 615 1
696 615 1
223 616 1
564 616 1
617 616 1
629 616 1
650 616 1
718 616 1
35 617 2
95 617 3
128 617 1
131 617 1
283 617 2
284 617 1
320 617 1
374 617 3
386 617 5
536 617 2
552 617 1
573 617 1
592 617 1
618 617 1
649 617 1
681 617 1
685 617 2
691 617 2
6 618 2
28 618 1
48 618 1
95 618 1
103 618 1
126 618 1
169 618 1
177 618 1
179 618 1
217 618 5
221 618 3
248 618 1
257 618 1
268 618 2
291 618 1
320 618 1
324 618 4
386 618 1
391 618 2
533 618 1
571 618 1
609 618 1
619 618 1
36 619 1
166 619 1
208 619 1
271 619 1
278 619 1
280 619 1
290 619 1
345 619 1
377 619 2
394 619 2
483 619 1
550 619 1
620 619 1
665 619 2
171 620 1
223 620 1
291 620 1
495 620 1
508 620 1
532 620 1
556 620 1
567 620 1
696 620 1
710 620 1
725 620 1
2 621 1
73 621 1
81 621 2
187 621 1
203 621 1
221 621 1
250 621 1
281 621 1
328 621 1
497 621 2
521 621 1
538 621 1
557 621 1
580 621 1
597 621 1
599 621 1
610 621 1
636 621 1
656 621 1
693 621 1
699 621 2
581 622 1
97 623 2
119 623 1
149 623 1
153 623 1
161 623 2
220 623 1
356 623 1
378 623 1
382 623 2
385 623 1
386 623 1
483 623 4
556 623 1
593 623 1
613 623 2
662 623 1
681 623 2
79 624 1
131 624 1
153 624 1
161 624 1
265 624 1
276 624 1
291 624 1
344 624 1
387 624 1
576 624 4
586 624 1
598 624 1
620 624 1
625 624 1
628 624 2
647 624 1
662 624 1
666 624 1
677 624 1
681 624 1
696 624 2
725 624 1
2 625 2
552 625 3
575 625 1
644 625 1
142 626 2
143 626 1
184 626 1
208 626 1
213 626 1
226 626 2
242 626 2
245 626 1
312 626 1
321 626 1
626 626 1
639 626 3
656 626 1
73 627 1
83 627 2
87 627 1
183 627 1
517 627 1
596 627 1
678 627 1
680 627 1
36 628 1
67 628 1
131 628 1
143 628 1
151 628 1
153 628 1
201 628 1
278 628 1
324 628 1
394 628 1
568 628 1
575 628 1
601 628 1
607 628 1
624 628 2
625 628 2
636 628 1
642 628 1
693 628 1
698 628 1
73 629 2
569 629 2
617 629 2
630 629 2
707 629 1
718 629 2
32 630 2
38 630 1
58 630 4
86 630 1
102 630 1
112 630 6
168 630 2
226 630 2
255 630 1
293 630 1
342 630 1
514 630 3
537 630 1
671 630 1
403 631 3
569 631 3
628 631 1
636 631 2
689 631 1
33 632 1
98 632 1
135 632 1
184 632 2
186 632 1
242 632 1
263 632 3
264 632 2
297 632 1
338 632 1
342 632 1
369 632 1
509 632 1
537 632 1
545 632 1
600 632 1
633 632 1
723 632 5
634 633 2
636 633 2
639 633 1
636 634 1
183 635 1
278 635 2
538 635 1
550 635 4
572 635 1
580 635 1
597 635 2
612 635 1
635 635 1
636 635 1
639 635 1
699 635 1
709 635 8
35 636 1
73 636 1
167 636 1
171 636 1
185 636 1
205 636 4
208 636 2
278 636 1
359 636 1
394 636 2
545 636 1
550 636 1
568 636 1
570 636 1
597 636 2
616 636 1
636 636 2
645 636 1
677 636 2
680 636 1
691 636 1
718 636 1
36 637 1
176 637 2
211 637 2
278 637 1
320 637 1
557 637 5
576 637 2
628 637 1
641 637 1
642 637 1
644 637 2
681 637 1
684 637 1
717 637 1
131 638 1
140 638 1
154 638 1
257 638 1
338 638 1
394 638 2
536 638 1
560 638 1
582 638 1
603 638 7
605 638 1
609 638 1
624 638 1
638 638 4
677 638 2
713 638 1
73 639 3
331 639 1
409 639 2
597 639 1
159 640 1
250 640 1
417 640 1
581 640 1
583 640 1
608 640 2
640 640 4
650 640 3
660 640 1
682 640 4
684 640 1
692 640 2
718 640 1
726 640 1
581 641 1
617 641 1
649 641 3
660 641 1
663 641 2
688 641 1
697 641 1
131 642 1
153 642 2
184 642 1
216 642 1
218 642 1
558 642 1
562 642 1
568 642 1
586 642 1
592 642 1
606 642 1
624 642 3
625 642 1
638 642 1
642 642 4
677 642 2
14 643 1
42 643 1
81 643 1
154 643 1
377 643 1
495 643 1
573 643 2
593 643 2
618 643 1
620 643 1
623 643 1
662 643 1
122 644 1
328 644 1
557 644 2
568 644 1
581 644 1
597 644 1
636 644 1
650 644 1
663 644 2
688 644 1
578 645 3
581 645 1
136 646 1
173 646 1
217 646 1
580 646 1
591 646 2
630 646 1
639 646 1
646 646 2
680 646 2
36 647 1
37 647 1
135 647 1
171 647 3
357 647 2
538 647 1
539 647 1
558 647 1
599 647 8
647 647 4
688 647 1
692 647 1
701 647 1
707 647 1
718 647 1
32 648 1
130 648 1
165 648 1
187 648 1
431 648 1
437 648 2
466 648 1
490 648 1
502 648 1
671 648 1
672 648 2
703 648 1
103 649 1
538 649 1
558 649 2
568 649 1
575 649 1
581 649 1
603 649 1
642 649 1
644 649 1
649 649 1
660 649 1
103 650 1
206 650 1
211 650 1
323 650 3
388 650 1
406 650 1
557 650 1
582 650 1
597 650 1
647 650 1
650 650 4
657 650 1
683 650 1
14 651 1
31 651 1
67 651 1
68 651 1
69 651 2
105 651 1
120 651 1
182 651 1
184 651 1
226 651 3
228 651 1
245 651 1
255 651 2
269 651 1
273 651 1
286 651 2
298 651 1
383 651 1
449 651 1
479 651 1
507 651 1
539 651 1
549 651 1
631 651 5
651 651 3
653 651 5
654 651 1
671 651 1
163 652 1
211 652 1
236 652 1
559 652 1
642 652 1
652 652 2
662 652 4
683 652 2
684 652 1
725 652 1
1 653 1
14 653 1
255 653 1
428 653 1
703 653 1
18 654 1
38 654 1
273 654 1
433 654 1
461 654 1
521 654 2
534 654 1
541 654 2
549 654 2
671 654 1
703 654 2
12 655 1
25 655 1
31 655 1
38 655 2
120 655 1
130 655 2
226 655 1
313 655 4
417 655 1
476 655 1
507 655 1
655 655 1
703 655 3
146 656 1
159 656 1
167 656 1
201 656 1
203 656 1
223 656 1
320 656 2
368 656 1
497 656 1
509 656 1
538 656 2
570 656 1
595 656 1
597 656 1
623 656 2
636 656 1
656 656 2
692 656 1
701 656 1
707 656 1
161 657 1
180 657 1
203 657 1
210 657 2
250 657 1
271 657 1
282 657 7
320 657 1
345 657 2
530 657 1
568 657 2
570 657 4
597 657 5
656 657 1
657 657 5
677 657 2
689 657 2
691 657 1
96 658 1
187 658 1
242 658 1
273 658 1
298 658 1
417 658 1
449 658 2
476 658 1
479 658 1
499 658 1
542 658 1
651 658 1
261 659 1
313 659 1
105 660 1
234 660 1
545 660 1
649 660 2
663 660 2
664 660 3
680 660 2
538 661 1
650 661 2
714 661 1
32 662 1
47 662 2
128 662 2
168 662 2
172 662 1
189 662 1
192 662 2
232 662 1
325 662 1
360 662 1
421 662 1
661 662 1
282 663 2
402 663 1
509 663 2
556 663 1
594 663 1
603 663 1
681 663 1
713 663 1
271 664 1
559 664 1
594 664 1
628 664 1
644 664 1
647 664 1
663 664 3
691 664 1
707 664 1
146 665 1
284 665 1
691 665 2
141 666 1
144 666 1
151 666 1
201 666 1
211 666 1
278 666 1
320 666 1
369 666 1
392 666 1
597 666 2
599 666 1
608 666 1
616 666 1
636 666 1
665 666 2
680 666 1
707 666 5
36 667 5
183 667 1
211 667 5
319 667 1
386 667 1
552 667 1
578 667 2
592 667 1
624 667 2
642 667 1
662 667 1
666 667 2
674 667 1
687 667 1
720 667 1
69 668 1
91 668 1
198 668 2
461 668 1
554 668 1
669 668 1
14 669 2
15 669 2
69 669 1
71 669 1
96 669 1
146 669 1
206 669 1
73 670 2
98 670 1
172 670 1
203 670 2
303 670 2
320 670 1
344 670 1
509 670 1
687 670 1
22 671 1
33 671 2
100 671 1
130 671 1
218 671 1
225 671 2
312 671 1
338 671 1
448 671 1
450 671 1
459 671 1
460 671 2
468 671 2
478 671 1
481 671 2
486 671 1
491 671 1
502 671 1
518 671 1
520 671 1
527 671 1
658 671 1
673 671 2
47 672 1
172 672 1
419 672 1
461 672 2
478 672 1
500 672 1
535 672 2
11 673 1
31 673 1
38 673 4
49 673 2
54 673 1
57 673 2
120 673 1
130 673 1
255 673 3
273 673 3
383 673 5
417 673 1
430 673 2
436 673 1
453 673 1
459 673 1
507 673 1
521 673 2
541 673 2
648 673 1
658 673 1
672 673 2
673 673 1
23 674 1
38 674 3
94 674 1
130 674 4
192 674 1
273 674 2
383 674 1
421 674 1
456 674 1
672 674 1
4 675 1
30 675 1
49 675 1
150 675 1
228 675 2
237 675 2
255 675 1
273 675 1
417 675 2
456 675 1
476 675 1
542 675 1
671 675 1
36 676 1
159 676 1
166 676 1
208 676 1
211 676 2
223 676 3
357 676 2
386 676 2
526 676 1
550 676 1
556 676 2
573 676 1
674 676 2
681 676 1
706 676 1
448 677 1
461 677 2
671 677 2
675 677 1
63 678 1
185 678 1
240 678 1
242 678 1
273 678 1
287 678 3
416 678 1
449 678 2
456 678 1
572 678 1
703 678 1
36 679 1
85 679 1
211 679 1
280 679 1
380 679 1
497 679 1
558 679 1
579 679 1
586 679 1
607 679 1
615 679 1
620 679 1
628 679 2
636 679 2
647 679 9
649 679 2
657 679 1
674 679 1
680 679 2
685 679 1
688 679 1
691 679 3
692 679 3
718 679 1
260 680 1
568 680 1
578 680 1
581 680 1
650 680 1
683 680 1
688 680 1
689 680 3
163 681 1
203 681 1
307 681 3
324 681 1
386 681 1
550 681 1
561 681 1
598 681 1
619 681 1
679 681 1
687 681 1
2 682 2
61 682 1
109 682 1
133 682 1
159 682 1
217 682 1
319 682 1
320 682 1
352 682 1
386 682 2
394 682 2
401 682 1
497 682 1
630 682 1
634 682 1
680 682 1
707 682 5
122 683 2
131 683 1
146 683 1
180 683 1
312 683 1
374 683 1
397 683 1
538 683 1
580 683 1
628 683 2
642 683 1
662 683 3
677 683 1
684 683 1
685 683 4
692 683 1
187 684 1
649 684 1
650 684 1
663 684 6
681 684 1
706 684 1
95 685 1
107 685 1
211 685 1
223 685 2
538 685 2
578 685 1
628 685 2
681 685 1
614 686 1
623 686 1
684 686 3
721 686 1
35 687 2
281 687 1
320 687 1
386 687 2
497 687 1
557 687 1
599 687 1
636 687 2
685 687 1
707 687 1
721 687 1
9 688 3
100 688 1
102 688 1
123 688 1
127 688 1
130 688 1
182 688 1
185 688 1
195 688 1
243 688 3
313 688 1
325 688 1
332 688 1
338 688 2
409 688 3
429 688 2
543 688 2
589 688 4
686 688 1
714 688 2
106 689 1
108 689 1
284 689 1
291 689 2
203 690 1
557 690 1
640 690 2
685 690 1
162 691 1
278 691 1
328 691 2
402 691 2
569 691 1
587 691 1
612 691 2
622 691 1
624 691 1
640 691 1
642 691 1
650 691 1
716 691 4
7 692 6
109 692 1
250 692 1
338 692 3
619 692 1
690 692 1
694 692 1
709 692 1
36 693 3
55 693 1
95 693 1
159 693 1
162 693 1
183 693 1
188 693 1
190 693 1
211 693 1
225 693 1
269 693 1
359 693 1
403 693 1
590 693 1
599 693 1
649 693 1
666 693 1
681 693 2
691 693 2
700 693 1
167 694 1
208 694 1
286 694 1
361 694 1
362 694 1
403 694 1
497 694 1
557 694 3
568 694 1
579 694 1
608 694 1
623 694 1
628 694 1
647 694 1
663 694 1
677 694 4
685 694 5
689 694 1
2 695 1
36 695 2
147 695 1
153 695 1
212 695 1
320 695 2
340 695 2
362 695 1
398 695 1
403 695 1
497 695 1
550 695 1
684 695 3
692 695 2
140 696 1
582 696 1
694 696 1
695 696 1
29 697 2
81 697 1
119 697 1
193 697 1
216 697 1
221 697 1
250 697 1
324 697 2
533 697 2
536 697 1
552 697 1
582 697 2
710 697 1
212 698 1
321 698 1
640 698 2
697 698 1
208 699 2
210 699 1
278 699 1
597 699 1
636 699 1
680 699 1
28 700 1
36 700 1
320 700 2
497 700 1
538 700 1
592 700 1
599 700 1
680 700 1
699 700 1
716 700 1
95 701 1
141 701 2
142 701 1
180 701 1
264 701 1
370 701 1
597 701 1
599 701 1
640 701 1
657 701 1
685 701 1
5 702 1
162 702 1
328 702 1
377 702 1
622 702 1
672 702 1
681 702 3
14 703 1
31 703 1
51 703 1
72 703 1
255 703 1
349 703 1
417 703 1
456 703 1
651 703 1
11 704 2
33 704 1
65 704 1
66 704 1
69 704 2
228 704 1
293 704 1
313 704 4
366 704 1
383 704 3
416 704 3
417 704 1
428 704 2
434 704 2
476 704 2
480 704 2
481 704 3
504 704 1
521 704 2
549 704 1
651 704 1
703 704 1
174 705 1
203 705 1
250 705 1
509 705 1
572 705 1
657 705 1
680 705 1
158 706 1
666 707 1
36 708 1
103 708 2
166 708 1
352 708 1
387 708 1
602 708 1
610 708 1
666 708 1
163 709 1
536 709 2
151 710 1
185 710 2
211 710 1
250 710 1
328 710 1
331 710 1
386 710 1
497 710 2
605 710 1
607 710 1
686 710 1
688 710 1
707 710 2
136 711 1
279 711 1
572 711 1
597 711 1
650 711 1
656 711 1
707 711 1
708 711 1
714 711 1
5 712 3
97 712 1
140 712 1
143 712 1
208 712 1
236 712 1
328 712 1
340 712 1
377 712 1
495 712 1
636 712 1
691 712 1
692 712 1
707 712 1
97 713 1
164 713 1
184 713 1
216 713 2
217 713 2
265 713 1
324 713 1
362 713 1
538 713 1
625 713 1
710 713 3
59 714 2
200 714 1
712 714 1
7 715 1
96 715 1
225 715 1
299 715 1
382 715 1
384 715 1
399 715 1
712 715 1
140 716 1
217 716 1
361 716 1
509 716 1
538 716 1
570 716 1
577 716 1
578 716 1
598 716 1
615 716 1
628 716 1
662 716 3
666 716 1
713 716 2
721 716 2
150 717 2
159 717 2
250 717 1
338 717 1
22 718 1
77 718 1
130 718 3
273 718 1
328 718 1
474 718 5
715 718 1
109 719 1
156 719 1
221 719 2
572 719 1
154 720 1
557 720 2
592 720 1
141 721 1
201 721 1
530 721 1
580 721 1
583 721 2
636 721 4
678 721 1
689 721 1
691 721 2
701 721 2
497 722 1
568 722 1
575 722 1
650 722 3
692 722 1
707 722 1
719 723 2
212 724 2
340 724 1
608 724 1
691 724 4
720 724 1
101 725 2
184 725 1
187 725 1
556 725 1
586 725 1
638 725 2
650 725 1
713 725 2
720 725 1
722 725 1
268 726 1
536 726 1
552 726 2
722 726 1
186 727 1
250 727 1
264 727 3
366 727 1
373 727 2
680 727 1
723 727 5
263 728 1
368 728 1
578 729 1
581 729 1
265 730 1
615 730 3
650 730 1
666 730 3
612 731 1
