161 1 1
61 2 6
107 2 3
408 2 1
417 2 1
455 2 1
490 2 3
17 3 1
76 3 2
118 3 1
202 3 3
255 3 1
345 3 1
560 3 1
186 4 1
214 4 1
510 4 3
591 4 1
592 4 1
11 5 2
214 5 4
86 6 2
87 6 1
349 7 1
76 8 1
141 8 1
16 9 1
40 9 2
47 9 1
50 9 1
54 9 1
62 9 1
77 9 2
91 9 1
106 9 1
109 9 1
129 9 1
158 9 1
202 9 1
219 9 1
230 9 2
247 9 2
250 9 1
259 9 1
266 9 1
270 9 1
305 9 1
332 9 1
345 9 1
346 9 1
348 9 1
368 9 1
423 9 1
541 9 2
19 10 1
136 10 1
198 11 1
288 11 1
453 11 1
25 12 25
27 12 1
411 13 8
73 14 1
291 14 2
437 15 2
456 15 2
565 15 1
209 16 1
440 16 1
53 17 20
71 17 1
161 17 6
205 17 1
274 17 27
547 17 1
414 18 2
465 18 2
20 19 1
67 19 3
75 19 1
281 19 2
183 20 1
446 20 1
468 20 1
3 21 1
345 21 1
431 21 1
31 22 1
67 22 1
125 22 1
185 22 1
396 22 1
427 22 1
440 22 1
480 22 2
1 23 1
23 23 1
40 23 1
259 23 1
108 24 1
308 24 1
18 25 1
35 25 1
197 26 1
352 26 1
371 26 1
61 27 1
272 27 4
306 27 2
407 27 1
23 28 1
28 28 1
75 28 1
173 28 1
314 28 1
401 28 1
402 28 9
44 29 2
45 29 2
160 29 1
273 29 1
427 29 2
468 29 1
141 30 1
260 30 12
484 30 2
494 30 2
595 30 7
147 31 1
530 31 1
490 32 15
84 33 1
103 33 1
354 33 1
565 33 1
82 34 2
90 34 1
91 34 1
126 34 1
288 34 1
389 34 1
424 34 1
455 34 2
492 34 3
518 34 5
534 34 2
544 34 1
320 35 1
259 36 1
405 36 1
21 37 1
40 37 11
237 37 1
273 37 1
303 37 1
345 37 4
80 38 1
166 38 1
211 38 1
388 38 1
37 39 1
40 39 12
99 39 1
109 39 1
330 39 1
5 40 13
208 40 1
314 40 2
357 40 1
379 40 3
437 40 1
456 40 1
467 41 1
34 42 1
47 42 1
171 42 3
199 42 13
238 42 1
345 42 1
58 43 1
594 43 1
324 44 2
424 44 1
548 44 1
199 45 1
405 45 1
528 45 1
1 46 1
27 46 1
446 46 1
40 47 6
45 47 1
91 47 1
233 47 1
249 47 10
485 47 5
534 47 2
551 47 2
277 48 8
309 48 1
442 48 1
165 49 1
345 49 1
65 50 1
352 50 11
241 51 3
51 52 1
161 52 1
236 53 1
347 53 1
79 54 2
94 54 1
154 54 5
223 54 1
282 55 1
293 55 1
11 56 4
44 56 2
51 56 2
241 56 1
470 56 2
475 56 21
58 57 1
311 57 2
353 58 2
264 59 1
555 59 1
345 60 1
568 60 2
14 61 5
97 61 1
105 61 1
127 61 2
231 61 1
345 61 1
349 61 6
357 61 7
396 61 1
415 61 5
425 61 3
473 61 2
480 61 1
485 61 1
511 61 1
608 61 4
192 62 2
3 63 1
21 63 1
33 63 1
271 63 1
272 63 1
275 63 1
369 63 1
371 63 1
426 63 1
437 63 1
446 63 1
564 63 1
52 64 1
90 64 3
111 64 1
122 64 1
154 64 10
242 64 3
426 64 2
464 64 2
487 64 2
511 64 1
516 64 1
545 64 2
559 64 1
561 64 1
589 64 1
435 65 7
40 66 1
92 66 4
345 66 1
59 67 5
51 68 5
337 68 2
23 69 1
56 69 1
282 70 3
581 70 1
597 70 1
64 71 1
266 71 1
124 72 1
270 72 1
398 72 1
426 72 12
12 73 2
407 73 1
126 74 1
299 74 1
350 74 1
387 74 2
203 75 1
236 76 1
282 76 1
421 76 1
79 77 5
339 77 1
437 77 1
108 78 2
200 78 1
282 78 1
23 79 3
80 79 1
81 79 1
141 79 1
211 79 1
260 79 1
268 79 1
288 79 1
324 79 5
339 79 3
386 79 1
449 79 1
611 80 2
298 81 1
339 81 2
70 82 1
85 82 2
96 82 6
154 82 1
296 82 1
482 82 3
122 83 1
248 83 1
451 83 1
573 83 1
9 84 1
12 84 1
39 84 18
75 84 2
434 84 1
455 84 7
570 84 6
39 85 6
405 85 1
88 86 1
26 87 1
73 87 1
89 87 1
197 87 1
386 87 7
392 87 18
394 87 2
396 87 10
405 87 1
569 87 1
24 88 2
142 88 1
330 88 1
18 89 2
56 89 3
57 89 1
113 89 6
243 89 1
337 89 1
345 89 1
432 89 1
21 90 1
104 90 1
100 91 2
250 91 1
440 91 4
464 91 3
572 91 1
143 92 1
273 92 1
95 93 2
329 93 4
79 94 2
102 94 2
334 94 1
363 94 5
368 94 1
96 95 1
111 95 1
287 95 1
327 95 1
501 95 2
573 95 1
273 96 1
325 96 1
468 96 1
226 97 2
323 97 1
389 97 1
487 97 1
175 98 1
344 98 25
404 98 1
149 99 1
222 99 1
14 100 1
171 100 1
544 100 1
211 101 1
423 101 1
579 101 1
382 102 1
422 102 1
426 102 1
551 102 1
63 103 1
234 104 1
69 105 1
200 105 1
223 105 3
566 105 1
97 106 1
108 106 1
166 106 1
191 106 1
223 106 1
427 106 2
446 106 1
41 107 2
53 107 1
166 107 2
395 107 14
403 107 1
425 107 1
40 108 1
193 108 1
455 108 1
494 109 10
54 110 1
80 110 1
114 110 3
166 110 1
180 110 1
229 110 2
236 110 1
384 110 2
391 110 1
393 110 8
404 110 2
405 110 2
579 110 3
168 111 1
93 112 1
167 112 6
352 112 2
381 112 1
546 112 3
2 113 1
32 113 3
107 113 1
130 113 1
141 113 1
144 113 1
160 113 2
176 113 1
180 113 1
188 113 1
222 113 2
247 113 6
470 113 4
485 113 1
495 113 5
503 113 1
98 114 2
166 114 1
25 115 1
42 115 1
53 115 1
104 115 1
39 116 1
67 116 1
80 116 11
112 116 15
129 116 1
212 116 1
322 116 1
329 116 1
336 116 3
363 116 1
612 116 1
224 117 1
455 117 1
260 118 1
148 119 2
157 119 1
222 119 1
225 119 1
263 119 1
315 119 1
35 120 1
63 120 1
213 120 6
544 120 4
187 121 1
292 121 1
457 121 1
180 122 1
239 122 1
31 123 1
154 123 2
255 123 1
398 123 1
487 123 2
516 123 1
570 123 2
213 124 1
137 125 1
258 125 1
421 125 1
100 126 1
159 126 1
357 126 1
119 127 1
125 127 1
381 127 1
440 127 1
475 127 2
126 128 1
479 128 1
189 129 1
198 129 1
69 130 2
90 130 1
116 130 1
128 130 1
142 130 1
315 130 5
328 130 1
455 130 2
53 131 1
89 131 2
124 131 1
258 131 1
270 131 3
142 132 1
234 132 1
36 133 1
222 133 1
32 134 5
132 134 2
141 134 1
222 134 1
239 134 1
517 134 4
133 135 1
188 135 1
519 135 1
581 135 1
44 136 1
119 136 1
135 136 1
272 136 1
356 136 1
427 136 2
187 137 1
196 137 1
245 138 1
549 138 1
57 139 2
130 140 8
180 140 1
293 141 1
120 142 2
145 142 3
154 142 2
496 142 1
570 142 1
587 142 1
592 142 1
107 143 1
4 144 2
290 144 1
450 144 2
67 145 1
462 146 1
17 147 1
80 147 1
183 147 1
213 147 2
183 148 3
204 148 2
397 148 3
414 148 1
550 148 3
82 149 4
177 149 1
219 149 2
430 149 5
446 149 5
534 149 1
546 149 2
309 150 1
147 151 1
236 151 1
282 151 1
291 151 4
341 151 1
350 151 1
406 151 1
579 151 1
5 152 3
23 152 1
66 152 6
204 152 9
427 152 14
534 152 2
473 153 1
152 154 1
215 155 1
157 156 2
220 157 2
301 157 1
128 158 1
157 158 6
370 159 7
116 160 1
159 160 1
455 160 1
138 161 1
217 161 1
287 161 2
408 161 6
509 161 1
543 161 1
544 161 1
556 161 1
226 162 2
489 162 6
47 163 1
89 163 1
218 163 1
555 163 1
39 164 1
69 164 1
131 164 9
162 164 3
163 164 2
223 164 1
236 164 3
297 164 1
334 164 3
371 164 12
387 164 1
401 164 1
598 164 1
165 165 1
226 165 1
539 165 1
89 166 3
166 166 2
232 166 1
337 166 2
53 167 1
361 167 1
189 168 1
226 168 2
239 168 1
332 168 1
357 168 1
364 168 1
384 168 1
405 168 16
467 168 1
594 168 1
183 169 1
432 169 1
196 170 1
357 171 1
167 172 3
282 172 1
446 172 1
11 173 3
55 173 1
239 174 1
388 175 1
411 175 1
560 175 1
15 176 1
99 176 1
161 176 1
175 176 2
338 177 1
11 178 1
93 178 1
128 178 1
184 178 1
215 178 7
538 178 6
182 179 1
2 180 1
500 180 9
180 181 1
212 181 2
256 181 2
310 181 1
381 181 1
3 182 1
56 182 1
225 182 1
268 182 1
278 182 1
344 182 2
526 182 2
27 183 1
101 183 2
105 183 1
221 183 1
264 183 1
270 183 2
288 183 1
295 183 1
315 183 1
349 183 1
398 183 1
518 183 1
564 183 1
593 183 1
599 183 26
573 184 2
18 185 1
64 185 1
89 185 1
148 185 1
162 185 1
169 185 1
171 185 8
194 185 2
270 185 3
359 185 1
380 185 1
382 185 1
386 185 1
387 185 1
406 185 1
437 185 1
443 185 1
468 185 1
479 185 1
588 185 1
604 185 1
83 186 1
260 186 1
92 187 2
121 187 1
148 187 1
84 188 1
191 188 1
291 188 1
418 188 1
24 189 3
128 189 1
168 189 10
322 189 4
477 189 1
518 189 30
72 190 1
102 190 1
202 191 1
225 191 1
133 192 1
137 192 3
196 192 1
282 192 1
428 192 1
509 192 13
193 193 1
254 193 2
195 194 1
527 194 1
544 194 1
452 195 2
588 195 1
605 195 1
63 196 1
102 196 6
124 196 2
264 196 1
269 196 2
302 196 1
324 196 1
505 196 1
508 196 1
596 196 6
339 197 5
426 197 4
225 198 1
80 199 17
91 199 1
401 199 9
562 199 1
217 200 1
371 200 1
428 200 1
444 201 3
292 202 1
341 202 2
225 203 1
478 204 1
488 204 1
1 205 3
73 205 1
361 205 1
428 205 1
8 206 1
423 206 1
444 206 4
132 207 1
160 207 1
165 207 1
230 207 1
240 207 4
329 207 2
576 207 7
163 208 1
64 209 1
418 209 1
51 210 2
67 210 3
131 210 1
163 210 3
167 210 2
200 210 1
218 210 1
317 210 1
323 210 1
351 210 1
361 210 1
364 210 2
389 210 2
400 210 4
421 210 2
425 210 1
426 210 3
443 210 1
448 210 1
552 210 1
560 210 1
192 211 1
349 211 1
357 211 1
466 211 1
486 211 1
601 211 2
213 212 1
324 212 1
541 212 1
375 213 1
95 214 1
292 215 1
197 216 1
233 216 1
122 217 1
202 218 1
217 218 2
308 218 2
326 218 1
342 218 1
67 219 2
87 219 2
89 219 3
98 219 1
104 219 5
106 219 1
288 219 1
395 219 17
425 219 1
443 219 2
448 219 2
467 219 1
11 220 1
62 220 1
65 220 4
68 220 1
140 220 1
319 220 1
568 220 3
192 221 1
265 221 1
11 222 1
149 222 2
154 222 1
204 222 1
245 222 1
440 222 1
486 222 1
145 223 1
223 223 3
279 223 1
603 223 1
45 224 1
52 224 1
81 224 1
133 224 1
198 224 1
258 224 1
270 224 2
289 224 3
487 224 4
545 224 1
84 225 1
52 226 1
77 226 1
80 226 1
121 226 2
193 226 1
205 226 1
210 226 13
236 226 2
255 226 1
257 226 1
307 226 1
467 226 2
529 226 1
226 227 3
433 227 1
107 228 1
132 228 1
408 228 2
487 228 1
610 228 1
44 229 1
272 229 1
407 229 6
92 230 1
121 230 1
400 230 1
2 231 2
11 231 3
24 231 1
123 231 1
313 231 2
457 231 1
589 231 1
68 232 1
108 232 3
216 232 1
231 232 3
249 232 4
266 232 6
268 232 2
317 232 1
388 232 3
541 232 1
585 232 1
11 233 2
197 233 1
442 233 2
124 234 3
464 234 2
216 235 2
271 235 1
272 235 4
291 235 1
317 235 3
324 235 1
361 235 1
407 235 1
395 236 1
335 237 1
11 238 2
185 238 1
190 238 1
415 238 1
474 238 1
570 238 1
11 239 2
23 239 3
39 239 2
70 239 1
75 239 1
124 239 1
153 239 2
190 239 1
221 239 1
279 239 1
308 239 4
322 239 1
348 239 1
440 239 1
442 239 1
485 239 1
64 240 1
245 240 2
336 240 1
573 240 1
95 241 1
185 241 2
418 241 1
580 241 1
584 241 1
408 242 1
501 242 1
596 242 1
527 243 1
127 244 1
131 244 4
599 245 1
223 246 3
266 246 1
377 246 1
67 247 2
101 247 1
143 247 4
161 247 1
165 247 3
247 247 1
251 247 4
505 247 1
515 247 1
556 247 1
573 247 1
70 248 1
155 248 2
259 248 1
40 249 1
114 249 1
128 249 1
139 249 1
148 249 1
160 249 2
180 249 1
198 249 1
320 249 1
467 249 1
151 250 1
465 250 1
509 250 2
324 251 1
96 252 1
154 252 1
180 252 2
251 252 2
253 252 1
256 252 3
277 252 1
287 252 1
327 252 3
330 252 1
343 252 1
429 252 1
455 252 3
570 253 1
20 254 1
23 254 1
286 254 1
321 254 1
437 254 14
564 254 4
97 255 2
201 255 1
583 256 1
579 257 1
262 258 2
236 259 1
320 259 1
437 259 1
80 260 1
515 261 1
113 262 1
564 262 2
64 263 7
479 263 1
7 264 9
103 264 1
145 264 2
467 264 1
389 265 9
101 266 1
29 267 23
73 267 1
196 267 1
217 267 1
279 267 1
381 267 2
422 268 1
437 268 1
300 269 1
84 270 2
283 270 1
456 270 1
46 271 1
154 271 5
217 271 1
331 271 2
415 271 1
538 271 1
20 272 1
161 272 1
270 272 5
305 272 2
428 272 9
430 272 1
467 272 1
209 273 2
276 273 1
415 274 3
308 275 1
52 276 1
78 276 4
86 277 4
266 277 1
406 277 2
126 278 1
280 278 1
518 278 1
173 279 1
190 279 1
354 279 1
50 280 1
426 280 2
13 281 1
26 281 1
65 281 3
76 281 1
79 281 1
91 281 1
144 281 1
153 281 2
181 281 8
197 281 5
213 281 1
228 281 1
266 281 1
270 281 1
381 281 5
387 281 1
406 281 5
534 281 1
21 282 1
117 282 2
134 282 2
148 282 1
322 282 1
59 283 1
99 283 1
168 283 1
273 283 1
283 283 1
312 284 1
154 285 1
160 285 1
225 285 1
525 285 2
63 286 1
451 286 3
143 287 1
322 287 1
70 288 1
597 288 5
220 289 1
290 289 1
327 289 1
459 289 2
521 289 1
235 290 1
334 291 1
219 292 2
426 293 1
24 294 1
119 294 1
170 294 2
220 294 4
292 294 1
318 294 1
328 294 1
432 294 1
442 294 1
480 294 1
501 294 7
519 294 1
528 294 1
550 294 1
614 294 2
76 295 1
192 295 6
21 296 1
56 296 1
100 297 2
149 297 1
225 297 4
250 297 5
434 297 2
98 298 4
115 298 1
401 298 1
423 299 1
299 300 1
476 300 1
134 301 1
157 302 1
330 302 1
427 302 2
574 302 1
18 303 1
241 303 1
489 304 1
262 305 1
45 306 1
68 306 3
106 306 1
107 306 2
163 306 1
169 306 1
224 306 1
226 306 1
267 306 1
290 306 2
493 306 4
306 307 1
466 307 1
534 307 1
49 308 1
411 308 1
80 309 1
266 309 1
434 309 3
528 309 8
544 309 1
584 309 1
142 310 1
479 310 11
5 311 1
97 311 2
336 311 13
408 311 1
38 312 1
592 313 3
273 314 2
96 315 1
20 316 2
67 316 2
206 316 1
291 316 1
534 317 1
211 318 1
277 319 2
327 319 1
528 319 4
578 320 4
76 321 1
169 321 1
223 321 1
249 321 1
268 321 4
482 322 2
550 322 6
55 323 1
208 323 1
273 323 1
150 324 1
155 324 1
179 324 1
186 324 2
260 324 1
322 324 1
167 325 1
365 325 1
20 326 1
564 327 1
94 328 2
96 329 1
287 329 1
327 329 3
459 329 2
517 329 1
119 330 1
154 330 4
343 330 1
462 330 15
472 330 3
583 330 1
599 330 1
605 330 16
41 331 1
47 331 1
50 331 4
247 331 1
329 331 7
330 331 1
509 331 4
31 332 1
50 332 1
204 332 1
247 332 2
256 332 1
329 332 9
330 332 1
587 332 3
612 332 1
307 333 1
334 333 1
40 334 2
128 334 1
175 334 1
215 334 1
260 334 1
224 335 1
343 335 1
398 335 1
64 336 2
83 336 1
478 336 18
20 337 1
349 337 1
390 337 2
504 337 1
515 337 1
45 338 1
89 338 1
194 338 1
504 338 2
154 339 2
557 339 1
606 339 2
479 340 1
127 341 1
336 341 1
340 341 3
30 342 1
68 342 1
123 342 3
127 342 1
132 342 3
221 342 2
249 342 1
337 342 1
389 342 1
396 342 3
468 342 1
579 342 1
40 343 1
128 343 1
277 343 1
292 343 1
452 343 1
22 344 1
133 345 2
571 345 1
5 346 1
49 346 1
60 346 4
375 346 2
334 347 1
11 348 1
109 348 2
389 348 3
412 348 1
258 349 1
54 350 1
100 351 1
159 351 1
349 351 1
512 351 5
106 352 1
145 352 1
436 353 1
367 354 1
568 354 1
48 355 1
9 356 1
28 356 1
405 356 1
566 356 2
352 357 1
39 358 3
42 358 7
63 358 1
68 358 1
261 358 2
266 358 1
352 358 1
359 358 1
366 358 1
373 358 1
374 358 3
385 358 6
404 358 2
410 358 6
423 358 1
446 358 4
544 358 22
569 358 2
172 359 2
359 359 1
361 359 1
173 360 1
542 361 1
6 362 3
366 363 2
383 363 1
137 364 2
9 365 1
17 365 1
36 365 1
46 365 2
181 365 1
325 365 3
444 365 1
425 366 1
74 367 1
98 367 1
401 367 1
298 368 1
325 368 1
457 368 1
430 369 1
110 370 1
194 370 1
324 370 1
379 371 1
375 372 22
373 373 1
375 374 1
376 374 1
391 374 1
443 374 1
39 375 1
377 376 1
441 376 1
355 377 3
379 377 2
407 378 1
449 378 1
26 379 1
213 379 1
354 379 1
372 379 1
386 379 1
412 379 1
551 379 1
231 380 1
364 380 1
367 380 1
387 380 1
555 380 9
420 381 1
131 382 1
555 382 1
365 383 2
407 383 2
110 384 1
300 385 1
352 385 1
381 385 1
426 385 1
569 385 1
364 386 1
98 387 2
167 387 2
235 388 1
403 388 1
436 388 1
110 389 1
164 389 1
216 389 1
365 389 1
563 389 1
74 390 1
401 390 1
372 391 1
385 391 1
387 392 1
392 392 1
98 393 1
382 393 1
395 394 1
400 394 1
407 394 1
413 394 1
593 394 4
323 395 1
353 395 1
370 395 1
407 395 1
446 395 1
48 396 1
382 396 3
173 397 14
362 397 26
544 397 2
211 398 1
199 399 2
401 399 1
434 399 2
365 400 1
386 400 1
21 401 1
302 401 1
421 401 1
42 402 1
68 402 12
167 402 1
207 402 1
360 402 1
373 402 22
379 402 2
395 402 1
563 402 1
404 403 2
425 403 1
447 403 1
351 404 1
371 404 1
385 404 1
593 405 1
42 406 1
128 406 1
214 406 1
240 406 1
522 406 1
379 407 11
409 408 1
391 409 1
365 410 1
412 410 3
548 410 1
264 411 1
385 411 1
20 412 1
38 412 2
69 412 1
116 412 1
155 412 1
232 412 2
254 412 1
286 412 1
306 412 1
445 412 2
366 413 2
399 414 1
352 415 2
379 415 3
569 415 1
27 416 4
81 416 1
113 416 1
160 416 1
174 416 1
188 416 1
207 416 2
253 416 1
334 416 1
362 416 14
366 416 1
391 416 1
405 416 1
420 416 1
560 416 1
81 417 1
454 417 1
371 418 1
381 418 1
594 418 1
33 419 1
282 420 3
426 421 1
211 422 1
316 422 1
84 423 2
137 423 1
333 423 1
427 423 1
469 423 3
564 423 1
10 424 1
196 424 3
245 424 2
427 424 1
489 424 11
497 424 1
557 424 2
600 424 1
108 425 2
555 425 6
207 426 1
146 427 1
430 427 1
11 428 5
76 428 1
51 429 1
81 429 1
354 429 1
368 429 1
448 429 10
54 430 1
197 431 1
236 431 1
358 431 1
76 432 1
372 432 1
401 432 1
85 433 1
39 434 2
341 434 1
360 434 22
364 434 1
379 434 1
383 434 3
73 435 4
284 435 1
579 435 4
121 436 9
224 436 1
308 437 1
439 438 1
565 438 2
378 439 2
218 440 1
354 440 4
443 440 1
613 440 5
465 441 3
277 442 1
308 442 1
564 442 1
576 442 1
587 442 1
68 443 8
207 443 1
266 443 2
354 443 1
355 443 1
366 443 2
399 443 1
416 443 5
417 443 3
473 443 1
85 444 1
280 444 2
151 445 1
460 445 1
463 445 1
514 445 13
589 445 1
564 446 1
110 447 1
379 447 1
386 447 1
26 448 1
56 448 2
438 448 2
43 449 1
68 449 3
74 449 1
156 449 1
163 449 2
207 449 1
400 449 1
509 449 2
122 450 3
222 450 1
336 450 1
349 450 1
570 450 1
84 451 1
270 452 10
467 452 4
141 453 2
243 453 2
258 453 1
308 453 5
576 453 4
95 454 2
587 454 1
458 455 1
25 456 1
53 456 1
284 456 1
568 456 1
54 457 1
107 457 2
292 457 1
493 457 1
513 457 1
540 457 2
607 457 1
494 458 1
498 458 1
553 459 1
252 460 1
515 460 3
119 461 2
256 461 17
242 462 2
334 462 1
464 462 1
133 463 2
227 463 1
455 463 1
475 463 5
489 463 1
523 464 3
527 464 1
570 464 1
127 465 1
159 465 1
256 465 2
464 465 1
274 466 1
308 467 1
535 467 1
152 468 1
277 469 5
475 469 2
81 470 1
467 470 1
570 470 2
227 471 1
408 471 1
506 471 1
540 471 4
611 471 1
154 472 1
477 472 4
492 472 2
527 472 2
479 473 1
480 474 1
493 475 2
160 476 1
498 477 1
488 478 1
285 479 1
534 479 1
571 479 5
582 479 1
244 480 1
586 480 2
116 481 1
239 481 1
330 481 2
64 482 1
216 482 1
100 483 1
340 483 1
417 483 1
467 483 1
492 483 2
550 483 1
186 484 2
304 484 1
540 485 1
543 485 1
554 485 1
575 485 2
489 486 3
147 487 2
160 487 1
614 488 1
186 489 1
478 489 1
484 489 1
529 489 1
590 489 2
583 490 2
340 491 2
467 491 8
543 491 1
64 492 1
90 493 1
418 493 1
471 494 1
33 495 1
258 495 3
324 495 1
506 496 1
584 497 1
128 498 1
322 498 17
415 498 1
99 499 1
428 499 1
332 500 1
511 500 2
471 501 1
570 501 1
585 501 1
489 502 1
540 502 1
583 502 1
463 503 1
417 504 1
457 504 1
477 504 7
493 504 1
224 505 1
479 506 3
151 507 1
572 507 1
139 508 1
322 508 2
64 509 1
315 509 1
461 510 2
350 511 1
497 511 1
540 511 1
610 511 1
119 512 1
196 512 1
523 513 5
144 514 1
461 514 1
491 514 1
507 514 1
570 514 1
497 515 1
481 516 1
525 516 1
93 517 1
502 517 1
573 517 2
520 518 2
582 519 1
105 520 1
531 521 3
556 521 2
308 522 1
539 523 1
508 524 1
524 524 1
559 524 1
610 525 5
485 526 1
525 526 1
559 526 1
571 526 3
576 526 3
424 527 1
485 528 1
224 529 1
574 529 1
62 530 1
219 530 1
375 530 1
544 530 2
546 531 1
564 531 1
231 532 1
544 532 1
222 533 1
597 533 1
120 534 1
550 534 5
31 535 2
42 535 7
58 535 4
79 535 1
125 535 1
128 535 1
243 535 2
332 535 2
360 535 12
391 535 6
396 535 16
419 535 1
422 535 12
478 535 20
480 535 7
499 535 1
527 535 1
576 535 8
491 536 1
73 537 1
207 537 1
31 538 1
480 538 1
497 538 1
545 538 1
574 538 1
268 539 1
520 539 3
524 539 1
574 539 1
290 540 1
508 541 1
60 542 1
17 543 2
23 543 1
348 543 1
52 544 3
64 544 3
466 544 1
1 545 14
33 545 1
270 545 1
294 545 1
324 545 3
354 545 1
424 545 2
362 546 5
562 546 1
562 547 2
428 548 1
459 548 1
103 549 1
421 549 1
461 550 1
524 550 1
482 551 1
530 551 1
570 551 1
178 552 1
558 552 1
451 553 1
508 553 1
491 554 7
602 554 1
460 555 1
480 556 1
483 556 1
577 557 1
517 558 2
25 559 2
26 559 1
39 559 1
67 559 12
169 559 1
246 559 1
266 559 1
278 559 3
351 559 1
384 559 1
441 559 2
564 559 1
217 560 1
245 560 1
336 560 1
445 561 1
478 561 2
497 561 1
519 561 1
537 561 2
567 561 1
571 561 5
184 562 1
445 562 1
493 562 3
501 562 2
522 562 1
536 562 1
559 562 1
576 562 3
154 563 1
477 563 1
517 563 16
602 563 1
214 564 1
587 564 1
224 565 1
461 565 2
520 566 1
127 567 1
184 567 1
189 567 18
505 567 1
189 568 1
493 568 1
609 569 1
493 570 1
248 571 1
364 571 1
128 572 1
571 572 1
588 572 1
247 573 5
597 573 5
477 574 1
479 575 1
600 575 1
24 576 1
123 576 15
149 576 4
154 576 3
181 576 1
204 576 2
250 576 3
305 576 1
415 576 1
550 576 1
574 576 2
380 577 1
385 577 1
392 577 1
571 578 2
585 578 2
589 578 1
328 579 1
461 579 2
532 579 1
537 579 2
8 580 2
461 580 3
471 580 1
533 580 1
543 580 1
575 580 2
482 581 1
557 581 1
128 582 1
39 583 1
245 583 1
305 583 1
524 583 1
182 584 1
328 584 5
